2.570644466973716291e+01 2.003294711456173787e-04 -2.720173737514512100e-06 2.003294711456173516e-04 2.570677598541089282e+01 -2.667439848861947708e-06 -2.720173737514512100e-06 -2.667439848861947708e-06 1.807540292212011623e+00
1.535876703115302711e+01 -4.528443409250100693e+00 9.588462276351132019e+00 -4.528443409250100693e+00 2.865114332129328290e+01 -9.995598808094122489e+00 9.588462276351132019e+00 -9.995598808094122489e+00 2.864898596366429118e+01
3.349419601218831133e+01 -5.182025944338544576e+00 -9.153848161643963977e+00 -5.182025944338544576e+00 4.071732129951242740e+01 4.604120802394850998e+00 -9.153848161643963977e+00 4.604120802394850998e+00 8.480963583477418410e+00
4.033803137311694798e+01 2.301634326286698951e+00 -3.606430349383106471e+00 2.301634326286698951e+00 2.237695432084496971e+01 -3.007819985426433362e+00 -3.606430349383106471e+00 -3.007819985426433362e+00 -8.805530354624570677e+00
1.715708827513017809e+01 1.997938480409551909e+00 -9.968666925572252424e+00 1.997938480409551909e+00 1.120770653530127170e+01 7.945328086289515035e+00 -9.968666925572252424e+00 7.945328086289515035e+00 4.597170693123287855e+00
1.913616723417446153e+01 -1.132103824511585533e+00 9.424307050408446074e+00 -1.132103824511585533e+00 2.011861889115444058e+01 2.094375489409373348e+00 9.424307050408446074e+00 2.094375489409373348e+00 -8.917542680254340937e+00
1.452315178640174764e+01 5.302359542066481524e+00 2.041516106097890582e+00 5.302359542066481524e+00 2.358120598341526275e+01 -6.781167056504509461e+00 2.041516106097890582e+00 -6.781167056504509461e+00 1.623711209480751450e+01
4.539394192658662774e+01 -2.299666853417334789e+00 3.300093471490203267e+00 -2.299666853417334789e+00 4.991533355238050973e+01 4.069816900539711568e+00 3.300093471490203267e+00 4.069816900539711568e+00 8.875190123142985499e+00
1.047240284531985033e+01 -1.500376251372252279e+00 4.450539220951405639e+00 -1.500376251372252279e+00 1.723562162885968618e+01 3.592287471825586387e+00 4.450539220951405639e+00 3.592287471825586387e+00 -1.965809259949044829e+01
3.335864460895783878e+01 -1.326446213399777196e+00 -8.007301718263818202e+00 -1.326446213399777196e+00 1.471880427984103079e+01 4.670467644580861055e+00 -8.007301718263818202e+00 4.670467644580861055e+00 6.073869169470966334e+00
5.182311683266244984e+01 -2.808888176972590411e+00 -3.944609135336675454e+00 -2.808888176972590411e+00 5.522705800331696935e+01 -7.393656629314661721e+00 -3.944609135336675454e+00 -7.393656629314661721e+00 1.326163069756627699e+01
