2.208632600237966699e+02 2.528684605281483044e+01 1.270466824491228763e+01 2.528684605281483044e+01 1.892189487224170819e+02 2.330450478743397014e+01 1.270466824491228763e+01 2.330450478743397014e+01 1.217168204498285462e+02
2.489631773921212812e+02 -7.431664474714165358e+00 9.664381029275224966e-02 -7.431664474714165358e+00 2.168487251885519811e+02 -3.146055124598565556e+01 9.664381029275224966e-02 -3.146055124598565556e+01 1.621446167013527884e+02
7.094455120504157719e+01 -1.233033212449708671e+01 6.378431622019008707e+00 -1.233033212449708671e+01 8.914753289434059980e+01 -5.002307907354177630e+00 6.378431622019008707e+00 -5.002307907354177630e+00 -4.699895175962270599e+01
1.704937843075717581e+02 -5.756100704669641077e-01 -8.133820264166537584e+00 -5.756100704669641077e-01 2.093731411265530937e+02 4.399399027952605401e+00 -8.133820264166537584e+00 4.399399027952605401e+00 1.338635706922578095e+02
4.682127070998261331e+01 8.671637363445107383e+00 3.149342963351740821e+01 8.671637363445107383e+00 9.804065371375835980e+01 -2.849906853740480273e+01 3.149342963351740821e+01 -2.849906853740480273e+01 -5.258240495470413833e+01
8.923092217830263451e+01 5.277312460673257988e+00 2.639707850769952913e+01 5.277312460673257988e+00 1.096463888672981568e+02 2.573841878233614011e+01 2.639707850769952913e+01 2.573841878233614011e+01 -1.686344514071943834e+01
1.286340628957807724e+02 -1.459270037489985583e+01 6.339720297157692919e+00 -1.459270037489985583e+01 6.329595836873757975e+01 -1.873981170601954105e+01 6.339720297157692919e+00 -1.873981170601954105e+01 -5.980799773119255747e+01
1.472309102642852530e+01 -1.134100176035626006e+01 1.847450327364635569e+01 -1.134100176035626006e+01 7.460572685058244247e+01 6.121588053310398791e+00 1.847450327364635569e+01 6.121588053310398791e+00 -7.285501438771004246e+01
1.009664578840277471e+01 -3.204598093346077370e+00 -2.227914092985508887e+01 -3.204598093346077370e+00 2.349111649210578889e+01 -6.581145292377932776e+00 -2.227914092985508887e+01 -6.581145292377932776e+00 -1.201935268250696787e+01
4.991617922713893307e+01 1.423711752721495216e+01 -3.156903032317664426e+01 1.423711752721495216e+01 9.002414356443981092e+01 2.440361423726954371e+01 -3.156903032317664426e+01 2.440361423726954371e+01 -3.292984909746603250e+01
-3.769953650346659746e+00 -1.914316638770335999e+01 -2.805486700251087484e+01 -1.914316638770335999e+01 3.077971913771111190e+01 2.217493199807856641e+01 -2.805486700251087484e+01 2.217493199807856641e+01 -5.918561281119001194e+01
-9.710299962904823445e+00 -9.519298316914804658e+00 2.818552351242942322e+01 -9.519298316914804658e+00 2.918144453168094010e+00 9.410935445428060930e+00 2.818552351242942322e+01 9.410935445428060930e+00 -8.067852060774752587e+00
