1.743835734647761981e+01 -3.192581799645201725e-04 0.000000000000000000e+00 -3.192581799645201725e-04 1.743798867154102794e+01 0.000000000000000000e+00 0.000000000000000000e+00 0.000000000000000000e+00 5.352401029634603624e+00
-1.088035012944348123e+00 6.439073697965515208e+00 -1.101339601756499853e+01 6.439073697965515208e+00 9.695045621771138045e+00 7.762906961857535926e+00 -1.101339601756499853e+01 7.762906961857535926e+00 1.815962388958932472e+00
1.145975781563106111e+01 -7.466707173673166942e+00 -9.454602814905626929e+00 -7.466707173673166942e+00 2.497142863314470063e+01 9.164403292235748566e+00 -9.454602814905626929e+00 9.164403292235748566e+00 7.532955890444023694e+00
1.262876196605920320e+01 -8.107025265960328755e-03 -7.077521618224050792e-01 -8.107025265960328755e-03 3.891320651556059573e+01 2.871073293090787182e+00 -7.077521618224050792e-01 2.871073293090787182e+00 2.500370245445262896e+01
2.877556415677896595e+01 -2.169761784054055620e-01 -1.095783112571251827e+01 -2.169761784054055620e-01 -6.350915493129842382e+00 7.002574410333579635e+00 -1.095783112571251827e+01 7.002574410333579635e+00 -8.021068657216705589e+00
-6.131122268186555146e+00 -9.595084766676281518e+00 -1.027557637915260180e+01 -9.595084766676281518e+00 3.849878410120695094e+01 -1.066137833993940909e+01 -1.027557637915260180e+01 -1.066137833993940909e+01 -4.779597543694188211e+00
4.686761911269567804e+01 6.152750539362889626e+00 -1.047094047186864074e+01 6.152750539362889626e+00 3.251852040329802662e+01 -6.345546383631219811e+00 -1.047094047186864074e+01 -6.345546383631219811e+00 1.221823974120599487e+01
1.482229707680438402e+01 -8.483568899101783245e+00 1.104672432844981422e+01 -8.483568899101783245e+00 2.686721585322540662e+01 3.691257563308879330e+00 1.104672432844981422e+01 3.691257563308879330e+00 4.117444371408222281e+00
-6.139467976752602141e+00 -1.293571133760800462e+00 9.855898372990772316e-01 -1.293571133760800462e+00 -5.848953833629200183e+00 5.804600728163451073e+00 9.855898372990772316e-01 5.804600728163451073e+00 -1.383212011706789824e+01
-3.291335362301663459e+00 -9.619222666200069938e+00 -2.627989105116788959e+00 -9.619222666200069938e+00 3.397605866610143632e+00 -1.007188923090927668e+00 -2.627989105116788959e+00 -1.007188923090927668e+00 -7.376947953235597488e+00
-1.306573350504930886e+01 2.905142082393818548e+00 -4.403724764133900571e+00 2.905142082393818548e+00 -6.627521144532168229e+00 -1.626478692623895439e+00 -4.403724764133900571e+00 -1.626478692623895439e+00 -1.573072086241987400e+01
3.033269870332713225e+00 -5.875549170244415094e-05 0.000000000000000000e+00 -5.875549170244416449e-05 3.033203279361769145e+00 0.000000000000000000e+00 0.000000000000000000e+00 0.000000000000000000e+00 -5.389933466469856604e+00
2.572850337144673816e+01 -1.037904351074994125e+01 -1.054574146379810706e+01 -1.037904351074994125e+01 -2.291507268174369116e+00 1.019001515883884501e+01 -1.054574146379810706e+01 1.019001515883884501e+01 4.135851993027478635e+00
3.390363209850968929e+01 -6.352423199506359808e+00 3.034339306117247670e+00 -6.352423199506359808e+00 2.123845764981314233e+01 -1.905381552239740151e+00 3.034339306117247670e+00 -1.905381552239740151e+00 2.005613737837914456e+01
1.039020917888247375e+01 3.675877726466918016e+00 -6.931576319518744533e+00 3.675877726466918016e+00 1.634301889304638067e+01 -4.655549672572330877e+00 -6.931576319518744533e+00 -4.655549672572330877e+00 -6.858634219775501251e+00
-1.686535990299044840e+01 -8.946537322426623362e+00 8.666167260588295562e+00 -8.946537322426623362e+00 1.485626697860694456e+01 1.138549729509214004e+01 8.666167260588295562e+00 1.138549729509214004e+01 -6.916047049243463363e+00
2.755810357258146492e+00 -4.069710859299669359e+00 7.325041772847253441e+00 -4.069710859299669359e+00 9.508030128562063865e+00 -6.083911302806070509e+00 7.325041772847253441e+00 -6.083911302806070509e+00 -1.240844415620681040e+01
2.063781869322503404e+00 -9.550912497021961656e+00 6.175357198987881269e+00 -9.550912497021961656e+00 1.368063810397317326e+01 -2.922469290535052000e+00 6.175357198987881269e+00 -2.922469290535052000e+00 -9.371410727496069626e+00
-6.165713689502437589e+00 -9.188256741394724258e+00 -7.524531812401956676e-01 -9.188256741394724258e+00 -1.573230176890326604e+01 1.764936519611803867e+00 -7.524531812401956676e-01 1.764936519611803867e+00 -5.944321821907914583e+00
2.493010402053724661e+01 2.527461540761602787e+00 1.050380765524375271e+01 2.527461540761602787e+00 -9.570228827397857074e+00 8.382713119457969597e+00 1.050380765524375271e+01 8.382713119457969597e+00 -6.302741031606647226e+00
-1.895908558661688303e+01 -6.824321238677953261e+00 3.479521294948475063e+00 -6.824321238677953261e+00 1.375106953766569884e+00 -1.002230852773497638e+01 3.479521294948475063e+00 -1.002230852773497638e+01 -1.183974897998532150e+01
9.378660520540005763e+00 -1.001534816324747545e+01 -1.155820402346734221e+00 -1.001534816324747545e+01 -1.924791075538654184e+01 8.644052459162507418e+00 -1.155820402346734221e+00 8.644052459162507418e+00 -1.263250571225785102e+01
-1.038892220056839122e+01 2.199468602547889238e-04 0.000000000000000000e+00 2.199468602547888967e-04 -1.038866592684311563e+01 0.000000000000000000e+00 0.000000000000000000e+00 0.000000000000000000e+00 -1.547278071725149218e+01
-1.627806929285219029e-01 3.533495782723891310e+00 1.811157275401914957e+00 3.533495782723891310e+00 -6.249200953197816766e+00 -8.742387557655026953e-01 1.811157275401914957e+00 -8.742387557655026953e-01 -1.526688031339532792e+00
-1.539065176208726626e+01 -1.342102610450567557e+00 -7.713913771061475799e+00 -1.342102610450567557e+00 -1.143494519617817140e+01 1.103581650562013294e+01 -7.713913771061475799e+00 1.103581650562013294e+01 -1.272701156552899349e+01
-2.909680202137733573e+01 9.442204008001349180e+00 5.061507175333733066e+00 9.442204008001349180e+00 -1.570658277334336184e+01 8.123851481932611307e+00 5.061507175333733066e+00 8.123851481932611307e+00 -2.866382498997933581e+01
-1.413337988496919806e+01 7.094406071029172089e+00 -5.729361393245549827e+00 7.094406071029172089e+00 -2.019999452373449600e+01 6.858085468316757805e+00 -5.729361393245549827e+00 6.858085468316757805e+00 -2.519722801887005303e+01
-2.232930371186050067e+01 3.155312162889287286e+00 -6.198529242495899538e+00 3.155312162889287286e+00 -2.214277575879409099e+00 6.792083457820893955e+00 -6.198529242495899538e+00 6.792083457820893955e+00 -1.615703893438710281e+01
-1.540004889196862159e+01 4.042751654038910125e+00 7.046814244890866163e+00 4.042751654038910125e+00 1.162128297316067282e+01 -4.400281081895969670e+00 7.046814244890866163e+00 -4.400281081895969670e+00 -1.726277078433068013e+01
1.005755853742602213e+01 -2.687899290957049381e+00 -4.846185802577938517e+00 -2.687899290957049381e+00 -6.552966085549915221e+00 -9.803356964949886176e+00 -4.846185802577938517e+00 -9.803356964949886176e+00 -1.346044372652845489e+01
-2.083470677610254285e+01 1.228267150402051699e+00 5.876185238584112902e+00 1.228267150402051699e+00 -3.357468905357475109e+01 1.053202922849968459e+01 5.876185238584112902e+00 1.053202922849968459e+01 -3.102547990336914907e+01
7.378464785353650690e+00 9.012243395230003173e+00 -5.686032787090914198e+00 9.012243395230003173e+00 -4.340466862531725312e+00 -2.343952836629103142e+00 -5.686032787090914198e+00 -2.343952836629103142e+00 -7.104202478107111141e+00
-5.579514188437706856e+00 -9.197657033295435269e+00 5.681180099292489238e+00 -9.197657033295435269e+00 9.592771961345450293e+00 -7.788381193268706149e+00 5.681180099292489238e+00 -7.788381193268706149e+00 -1.123713760057002631e+01
1.269680760162004063e+01 -1.216792268009713531e-05 -1.531447488943183406e-10 -1.216792268009713361e-05 1.269679543369698571e+01 -4.420996469268743518e-10 -1.531447488943180304e-10 -4.420996469268753858e-10 1.175275728667772945e+01
-1.862409684288473244e+01 7.499582725220514057e+00 6.947876477520956717e-01 7.499582725220514057e+00 -1.631387548295836609e+01 -5.569176900694386312e+00 6.947876477520956717e-01 -5.569176900694386312e+00 4.074964008822182571e+00
1.938809921480616794e+01 -9.456524140587605487e+00 3.406527366254971767e+00 -9.456524140587605487e+00 7.336733953605044434e+00 2.453563359739135752e+00 3.406527366254971767e+00 2.453563359739135752e+00 2.573666906105001573e+01
2.978740472456002664e+01 1.007556744555687800e+01 -8.065697659161012112e+00 1.007556744555687800e+01 5.379616685303451717e+00 -7.428156411843325202e+00 -8.065697659161012112e+00 -7.428156411843325202e+00 1.314779576731419120e+01
1.354101874282799756e+01 -4.456705644749924033e+00 -1.028287839629580480e+00 -4.456705644749924033e+00 2.566974536259746476e+00 4.567167885186189658e+00 -1.028287839629580480e+00 4.567167885186189658e+00 -6.709468270059012696e+00
4.077180153691116971e+01 1.051944997113457347e+00 -1.628875999841977951e+00 1.051944997113457347e+00 2.188911680392406023e+00 -7.773513597965619581e+00 -1.628875999841977951e+00 -7.773513597965619581e+00 8.704683189028136425e+00
1.787346560138331597e+01 1.151776335146756480e+01 6.923253676715772187e+00 1.151776335146756480e+01 8.567897897957250208e+00 -5.228168053965661422e+00 6.923253676715772187e+00 -5.228168053965661422e+00 5.083039910323766009e+00
1.201182554658015889e+01 2.356940576001553378e+00 -4.524658318722001304e+00 2.356940576001553378e+00 -1.396357731100547994e+01 4.386801814849039971e+00 -4.524658318722001304e+00 4.386801814849039971e+00 -1.002374124313279147e+01
-1.134191125800143141e+00 -7.741704373158706964e+00 -8.758252058261395412e-01 -7.741704373158706964e+00 -5.263031339899533201e+00 4.903341413462047882e+00 -8.758252058261395412e-01 4.903341413462047882e+00 -1.372012858824472481e+01
-3.681904569830298790e+00 -1.015381865610266310e+01 -2.136083690314921402e+00 -1.015381865610266310e+01 1.079296825778612678e+01 -5.662942106717158808e+00 -2.136083690314921402e+00 -5.662942106717158808e+00 7.913032385041844918e+00
9.506026718833570754e+00 -1.095263165729072696e+01 -1.596624393758704352e+00 -1.095263165729072696e+01 2.990336284317226401e+01 -5.962195656171287439e+00 -1.596624393758704352e+00 -5.962195656171287439e+00 4.139704114881791241e+01
-6.473033083627793838e-01 2.090064106220426997e-05 -1.934955777109174985e-11 2.090064106220426658e-05 -6.472803176569463801e-01 -5.584341243266353679e-11 -1.934955777109175631e-11 -5.584341243266360788e-11 -7.677223526508207829e-01
1.175999484468475309e+01 -5.680435923358126971e+00 -2.581542322313858384e-01 -5.680435923358126971e+00 -4.576739766805726362e+00 -1.538327295066693301e+00 -2.581542322313858384e-01 -1.538327295066693301e+00 -1.203692183195148679e+01
-2.919030058382244830e-01 -9.001438193387878428e+00 5.559540401548241029e+00 -9.001438193387878428e+00 1.920144428999129715e+01 1.134910949080581544e+00 5.559540401548241029e+00 1.134910949080581544e+00 -1.157297695581973151e+01
-1.195864723726997347e+01 -5.506299482923154187e+00 -5.203186173947003113e+00 -5.506299482923154187e+00 -1.424995028618281800e+01 -3.975660177124875183e+00 -5.203186173947003113e+00 -3.975660177124875183e+00 -2.214821825976944680e+01
4.624014442025483618e+00 -1.846745425329983370e-01 6.587242721239955578e+00 -1.846745425329983370e-01 1.054429098675710108e+01 8.031825621871501397e+00 6.587242721239955578e+00 8.031825621871501397e+00 -1.380594936629529368e+00
-1.493769158964067678e+01 -3.736639259511089328e+00 1.906781878265529362e-01 -3.736639259511089328e+00 1.922029419851050491e+01 -5.837785539922005995e+00 1.906781878265529362e-01 -5.837785539922005995e+00 1.421253909697202289e+01
-1.400334767346053333e+01 1.546526920620245882e+00 4.188858707069423204e+00 1.546526920620245882e+00 -2.033752853329659160e+01 -2.993855173333444863e+00 4.188858707069423204e+00 -2.993855173333444863e+00 -2.791709867891233188e+01
1.746952436272614051e+01 -5.813090456966612862e+00 4.449215016001064171e+00 -5.813090456966612862e+00 7.249857026340714050e+00 2.458563978123955440e+00 4.449215016001064171e+00 2.458563978123955440e+00 -2.022863688649457004e+01
-1.839513748929152470e+01 -4.863867416625969220e+00 7.630752709416662505e+00 -4.863867416625969220e+00 9.068080625314685506e+00 -1.347190272650611975e+00 7.630752709416662505e+00 -1.347190272650611975e+00 -1.313944473659388912e+01
-1.221337467838337254e+01 -9.513106233947899781e+00 2.723642618023540685e+00 -9.513106233947899781e+00 -1.445332778623553693e+00 6.725669700336139201e+00 2.723642618023540685e+00 6.725669700336139201e+00 2.324985888744212303e+01
3.373202432213321611e+00 -5.896652533605843516e+00 -4.130506258224865057e+00 -5.896652533605843516e+00 1.117398996286163992e+01 4.960127202758082277e+00 -4.130506258224865057e+00 4.960127202758082277e+00 -1.618619185992341158e+01
-1.325033350343745475e+01 2.368734650856680303e-05 1.295931643732508074e-10 2.368734650856680642e-05 -1.325030550929987783e+01 3.741180637324942005e-10 1.295931643732507299e-10 3.741180637324936835e-10 -1.243528851182114181e+01
-2.429026093183840729e+01 -4.028920573628240298e+00 4.375981473058799587e+00 -4.028920573628240298e+00 6.662469400557588628e+00 2.449833034917024754e+00 4.375981473058799587e+00 2.449833034917024754e+00 -1.484589194780051358e+00
-2.982968991233186173e+01 -1.212344250936154166e+00 -4.745594071181168161e+00 -1.212344250936154166e+00 -6.908049804538277883e+00 -4.558697101031206955e+00 -4.745594071181168161e+00 -4.558697101031206955e+00 -2.170783579278714370e+01
-3.608982282380765128e+01 1.032932099784022117e+00 -3.903726450227343658e+00 1.032932099784022117e+00 -2.732700735140273451e+01 1.818165884318599490e+00 -3.903726450227343658e+00 1.818165884318599490e+00 -3.758656677981173999e+01
-1.973847242146715786e+01 5.832457569958502397e+00 -3.031489322559133726e+00 5.832457569958502397e+00 -1.318290785902881801e+01 -2.126426184808707820e+00 -3.031489322559133726e+00 -2.126426184808707820e+00 -4.180746801614956709e+00
-3.335143729540425284e+01 2.274897893247559200e+00 -6.733567698240282340e+00 2.274897893247559200e+00 -9.467131087211660301e+00 7.291173924621112690e+00 -6.733567698240282340e+00 7.291173924621112690e+00 5.206260642214772805e-01
-1.135629625594148173e+01 -9.704579479014265431e+00 -3.426004684738005679e+00 -9.704579479014265431e+00 -2.360254816489860730e+01 -2.139354865797391536e+00 -3.426004684738005679e+00 -2.139354865797391536e+00 -2.843872792619648493e+01
6.844347503516500453e+00 -6.753238082643516549e+00 -2.918675580140974279e+00 -6.753238082643516549e+00 -2.055551148303633724e+01 -5.249692241118852465e+00 -2.918675580140974279e+00 -5.249692241118852465e+00 -3.237704749454271536e+01
2.806113865867362556e+00 3.514143885966802827e+00 2.441488135582887686e-01 3.514143885966802827e+00 -3.079507192099191570e+01 6.229102968426900588e+00 2.441488135582887686e-01 6.229102968426900588e+00 -3.181560309917297502e+01
-3.648658983268910028e+00 7.172660209648416441e+00 -7.206126824037029976e+00 7.172660209648416441e+00 -1.768895940386668997e+01 1.788442739385109670e+00 -7.206126824037029976e+00 1.788442739385109670e+00 -2.639352121637997683e+01
-2.830757907315302546e+01 7.643822922475280279e+00 -4.681061697373650077e+00 7.643822922475280279e+00 -2.017997939033184807e+01 -2.365590713986494897e+00 -4.681061697373650077e+00 -2.365590713986494897e+00 -1.238973654028596982e+01
