2.335978200529830673e+01 -4.089497454624829118e-05 -7.435449739556803148e-06 -4.089497454624829118e-05 2.335978572302656531e+01 -3.717724710354468101e-06 -7.435449739556803148e-06 -3.717724710354468101e-06 2.335979315847493964e+01
-1.130598187855216041e+00 3.025443509614904158e+00 -8.921124512167372345e+00 3.025443509614904158e+00 -1.257465920807377380e+01 -1.281430389163176997e+01 -8.921124512167372345e+00 -1.281430389163176997e+01 -9.134618400125740223e+00
4.764275012426140421e+01 -8.893912235092708229e+00 -4.290149714037554851e+00 -8.893912235092708229e+00 1.504679804297548351e+01 -8.681989510948415756e+00 -4.290149714037554851e+00 -8.681989510948415756e+00 2.481123061673280716e+01
2.059615582142447110e+01 -9.587970593835347444e+00 -1.436984064227750402e+01 -9.587970593835347444e+00 3.474104556876633154e+01 -8.398438441987126524e+00 -1.436984064227750402e+01 -8.398438441987126524e+00 2.423785501937599918e+01
2.248859646015629465e+01 -1.801793057372472973e+01 -4.521326892906695760e-01 -1.801793057372472973e+01 1.793763918986489969e+01 -1.578956601024267137e+01 -4.521326892906695760e-01 -1.578956601024267137e+01 5.125036974010084379e+01
1.605720440967004237e+01 -1.067858889085487384e+01 -1.675492298899998644e+01 -1.067858889085487384e+01 5.943169883287144017e+01 -1.101526429087353520e+01 -1.675492298899998644e+01 -1.101526429087353520e+01 -9.613893492285011888e+00
5.146718667976951167e+01 -9.213067661130059705e+00 1.529300528574474605e+01 -9.213067661130059705e+00 4.545214800903966790e+01 7.584286433184711518e-01 1.529300528574474605e+01 7.584286433184711518e-01 1.278572062195048176e+01
-2.259491814107690999e+01 -7.225626649249988098e+00 -1.145695040869318682e+01 -7.225626649249988098e+00 -6.663305447967670325e+00 9.843318978977265488e+00 -1.145695040869318682e+01 9.843318978977265488e+00 -1.197820964719449321e+01
3.021004398440049599e+01 -1.039277285722677746e+01 -5.875821370807870814e+00 -1.039277285722677746e+01 -8.876357166005346855e+00 1.664178768064793346e+01 -5.875821370807870814e+00 1.664178768064793346e+01 9.658374980528490639e+00
1.566719130705682161e+01 -3.620569014286898479e+00 -1.377735442855837711e+01 -3.620569014286898479e+00 2.292666202587826518e+01 8.441528444137414766e+00 -1.377735442855837711e+01 8.441528444137414766e+00 3.800518100029881197e+01
-3.782118757416875532e+00 7.929427691623794905e-01 1.183507551143867254e+01 7.929427691623794905e-01 2.735089706395487141e+01 1.748407059989966683e+01 1.183507551143867254e+01 1.748407059989966683e+01 2.258319914928898697e+01
-1.050113743815961564e+00 3.831525122576068741e-06 1.915762537387217352e-05 3.831525122576068741e-06 -1.050117575341411147e+00 -5.502581517447989275e-13 1.915762537387217691e-05 -5.502581517450371257e-13 -1.050144396016921888e+00
4.148392786959870904e+01 1.275574722032628650e+01 1.581389582049440179e+01 1.275574722032628650e+01 2.813915754291540949e+01 1.013337629906126125e+01 1.581389582049440179e+01 1.013337629906126125e+01 -1.059131241823253333e+01
-2.005037528623298115e+01 -1.259734251684176298e+00 -1.841012369835784979e+00 -1.259734251684176298e+00 -5.181383388060626061e+01 8.194381721775510385e+00 -1.841012369835784979e+00 8.194381721775510385e+00 -2.622203029973318777e+01
-4.406634974584778064e+01 -9.222537331915475534e+00 -3.806405432597120830e-01 -9.222537331915475534e+00 -2.837194785824219423e+01 7.206685123854458475e+00 -3.806405432597120830e-01 7.206685123854458475e+00 -6.888738643637710268e+00
2.701240042239249206e+01 -1.407577176941040697e+01 4.072393009417127452e+00 -1.407577176941040697e+01 1.768500286022731771e+01 -1.422287225320670778e+01 4.072393009417127452e+00 -1.422287225320670778e+01 3.187966482476334207e+01
-5.312812377940889519e+01 -6.062252501540688066e+00 6.402295058645084858e+00 -6.062252501540688066e+00 -2.518594174192354274e+01 3.866395967286389013e-01 6.402295058645084858e+00 3.866395967286389013e-01 -5.334178329733705937e+01
2.403121644270195389e+01 -1.268743013963340438e+01 6.214388762872824046e+00 -1.268743013963340438e+01 -3.346904539677077395e+01 1.740783276018805736e+01 6.214388762872824046e+00 1.740783276018805736e+01 3.256746170185981271e+01
-1.207709531136809744e+01 1.476637351505293694e+01 -1.114005970725003536e+01 1.476637351505293694e+01 -4.599114381823394382e+01 -8.304928820240753851e+00 -1.114005970725003536e+01 -8.304928820240753851e+00 -4.956631128564671229e+01
-8.276331335912734843e+00 1.422367472639844088e+01 1.595797676541906718e+01 1.422367472639844088e+01 -3.044801921090531494e+01 1.896082814316521148e+00 1.595797676541906718e+01 1.896082814316521148e+00 -2.655414109610500262e+01
2.101461125465739954e+01 1.240593006858599701e+01 -1.351692338532803639e+01 1.240593006858599701e+01 -2.924766484202028494e+01 2.837747002370372140e+00 -1.351692338532803639e+01 2.837747002370372140e+00 1.310026932684837142e+01
2.520497010788405490e+01 -5.379850537554440315e+00 -1.462110496444003438e+01 -5.379850537554440315e+00 4.767105375784784549e+00 -1.592529691853683360e+01 -1.462110496444003438e+01 -1.592529691853683360e+01 -1.537705284277770312e+00
-2.390028630267883258e+01 7.500485760008173135e-05 5.131911378096720667e-05 7.500485760008174490e-05 -2.390034551704661681e+01 3.158099184552492036e-05 5.131911378096719990e-05 3.158099184552492713e-05 -2.390035341229272348e+01
-4.225238611468781436e+00 5.702690222383216323e+00 7.430067195316715001e+00 5.702690222383216323e+00 8.246278077973546061e+00 4.509670666271709649e+00 7.430067195316715001e+00 4.509670666271709649e+00 1.131409915594183779e+01
3.908988834760992859e+01 -1.941495245996204844e+01 1.292169661207836029e+01 -1.941495245996204844e+01 3.326315731337017212e+01 8.902608906197609917e-01 1.292169661207836029e+01 8.902608906197609917e-01 8.863061285192785022e+00
-3.869398414461269198e+01 -1.426367951920898669e+01 1.029917526657287752e+01 -1.426367951920898669e+01 -1.098602792932227956e+01 -6.298778140727020691e+00 1.029917526657287752e+01 -6.298778140727020691e+00 -6.204165139466243772e+01
-1.492971465785865881e+01 -1.208149220534866153e+01 -1.370507528417355658e+01 -1.208149220534866153e+01 -2.910230228399465702e+01 -2.139995874944187637e+00 -1.370507528417355658e+01 -2.139995874944187637e+00 -5.581035033165236570e+01
7.721610669323104581e+00 -1.703790597847927657e+01 1.077852588987556892e+01 -1.703790597847927657e+01 -3.013975212641426538e+00 1.256206896672155437e+01 1.077852588987556892e+01 1.256206896672155437e+01 -9.210013219437556131e+00
-1.058941430121171784e-01 1.857737925320163797e+01 3.118508224948075558e-01 1.857737925320163797e+01 -3.522774078824084665e+00 -1.534147107562655954e+01 3.118508224948075558e-01 -1.534147107562655954e+01 -8.794131768609884103e-01
-1.937417332564956407e+00 -1.123023612331404841e+01 -8.250854903725866052e+00 -1.123023612331404841e+01 2.728273271060174809e-01 -1.247358501431696887e+01 -8.250854903725866052e+00 -1.247358501431696887e+01 -6.057288115601033951e+01
-4.066326597367041984e+01 -3.888998797034888821e-01 -4.355814457084250968e+00 -3.888998797034888821e-01 -2.455675168092682714e+00 -5.532579599166552953e+00 -4.355814457084250968e+00 -5.532579599166552953e+00 -5.358328567461067848e+01
2.778771162192530397e+01 -1.551012362054384930e+01 4.078136973717477076e+00 -1.551012362054384930e+01 2.397705944633051800e+01 -1.135525207478698029e+01 4.078136973717477076e+00 -1.135525207478698029e+01 -1.031323039623920224e+01
-2.992451734070642644e+01 2.826068113479655253e+00 1.142649806301890081e+01 2.826068113479655253e+00 -1.477339637004489781e+00 1.560840338733569421e+00 1.142649806301890081e+01 1.560840338733569421e+00 2.064891534220664937e+01
2.087208774431418590e+01 1.887965730094815381e-05 1.415974132427274854e-05 1.887965730094815043e-05 2.087209718413402015e+01 -4.719916668300137037e-06 1.415974132427274854e-05 -4.719916668300137037e-06 2.087209246422183995e+01
2.027174081209965451e+00 -8.061071929427333416e+00 -6.580776180860574698e+00 -8.061071929427333416e+00 -1.633264003341616899e+01 8.357649433190475818e+00 -6.580776180860574698e+00 8.357649433190475818e+00 -1.860187064576193450e+01
-8.401576224832551176e+00 -4.807436070098240144e+00 -3.369140402381775257e+00 -4.807436070098240144e+00 3.490651167764819096e+00 -3.600636599525827375e+00 -3.369140402381775257e+00 -3.600636599525827375e+00 4.482784009650143275e+01
-1.227032087588860421e+01 -3.692821985342160218e+00 -1.169031818564824743e+00 -3.692821985342160218e+00 1.273684697197093207e+01 -1.004425424647211251e+01 -1.169031818564824743e+00 -1.004425424647211251e+01 2.597082057786123244e+01
-3.224754462146564293e+01 -2.606447320566197545e-01 1.037750775437421336e+00 -2.606447320566197545e-01 -2.423905385863578132e+01 -4.624474218427608641e+00 1.037750775437421336e+00 -4.624474218427608641e+00 -1.808534909060955798e+01
-1.243508412618917447e+01 1.342337320603506967e+01 9.945164437385399125e+00 1.342337320603506967e+01 -1.394290921235405101e+01 1.213283094278787999e+00 9.945164437385399125e+00 1.213283094278787999e+00 6.563937032171414998e+00
2.346326659014903981e+01 -1.259086348472455796e+01 -9.214397354381935301e+00 -1.259086348472455796e+01 8.893336272472284421e+00 6.068831317193513541e+00 -9.214397354381935301e+00 6.068831317193513541e+00 -4.585121766641518271e+00
-3.861651429613058628e+00 1.450204136863262550e+00 -1.835727639175586789e+00 1.450204136863262550e+00 5.652743406838111051e-01 -3.537302803579105870e+00 -1.835727639175586789e+00 -3.537302803579105870e+00 2.224478598765796988e+01
5.687116892414571190e+00 -1.677750315802010173e+00 -5.278550663081383654e+00 -1.677750315802010173e+00 -2.359866216391568727e+01 9.746037171654302611e+00 -5.278550663081383654e+00 9.746037171654302611e+00 -1.502359044056164272e+01
-1.221600703491632700e+01 6.081715489745399772e+00 -6.009804821883025783e-01 6.081715489745399772e+00 -1.465618198216480117e+01 4.253317051542446214e-01 -6.009804821883025783e-01 4.253317051542446214e-01 -1.909073931913656352e+01
9.614602143439462623e+00 8.345885956182000243e+00 4.650500347959504843e+00 8.345885956182000243e+00 -8.497926135756152632e+00 6.963664588512177289e+00 4.650500347959504843e+00 6.963664588512177289e+00 3.056669195641539005e+01
-1.217197190561893683e+00 6.323708566907555717e-05 4.377951582254186125e-05 6.323708566907557073e-05 -1.217270156455632746e+00 2.918633973270031679e-05 4.377951582254186803e-05 2.918633973270031679e-05 -1.217284749630644702e+00
3.331469828790997401e+00 5.628217070765385799e+00 -9.207946545097629720e-02 5.628217070765385799e+00 1.650698141691629983e-01 1.657623002908015453e+00 -9.207946545097629720e-02 1.657623002908015453e+00 1.431424193054099980e+01
-7.467331402439350008e+00 5.134702749746018924e+00 -5.481935901705822234e-01 5.134702749746018924e+00 -3.229032756653524672e+01 8.418128785145480464e+00 -5.481935901705822234e-01 8.418128785145480464e+00 2.496192010661827609e+00
-4.057448851835166598e-02 9.578298930549944856e+00 3.656874217931203486e+00 9.578298930549944856e+00 4.213211843080300945e+00 8.482929592292488552e-01 3.656874217931203486e+00 8.482929592292488552e-01 -1.847859057622740764e+01
1.465599984190831329e+01 -1.043424887046890071e+01 -6.108654391153667262e+00 -1.043424887046890071e+01 9.554817884024387808e+00 5.521033899797769262e-01 -6.108654391153667262e+00 5.521033899797769262e-01 9.070768207282126738e+00
3.052461249298790236e+01 6.030741101217053313e+00 5.309573091636305087e+00 6.030741101217053313e+00 4.551253890828648707e+01 -6.656497141930215911e+00 5.309573091636305087e+00 -6.656497141930215911e+00 3.791368348919458242e+01
-6.549060847855377787e+00 9.397041553785319579e+00 5.264158755210155860e+00 9.397041553785319579e+00 -4.999620089077315477e+00 -1.542341932175340588e-02 5.264158755210155860e+00 -1.542341932175340588e-02 2.805074066008254974e+01
-5.975669082179130953e+00 -1.150987448717387807e+01 -7.776397087702823896e+00 -1.150987448717387807e+01 8.135430743958538713e+00 -4.822482257539029149e+00 -7.776397087702823896e+00 -4.822482257539029149e+00 -1.939749057355432171e+01
2.716641089959415112e+01 -2.098845043474789840e+00 -3.495507098531574375e+00 -2.098845043474789840e+00 -6.465542935128086866e-01 1.015753870363105626e+01 -3.495507098531574375e+00 1.015753870363105626e+01 -1.277427191414027696e+01
-3.343918852284427601e+01 -2.939724527849157276e+00 -7.916614446312667530e-01 -2.939724527849157276e+00 -3.661848623915352618e+01 -1.413518425239362442e+00 -7.916614446312667530e-01 -1.413518425239362442e+00 -2.456747481824123724e+01
-2.938428722638897383e+01 7.147389032401494369e+00 3.930809500022121483e+00 7.147389032401494369e+00 -2.561018726764434561e+01 2.469159657033733968e+00 3.930809500022121483e+00 2.469159657033733968e+00 -3.516029017793734113e+01
-2.208658065915238211e+01 1.653889805179512658e-04 1.002357336758691135e-04 1.653889805179512658e-04 -2.208671096567929126e+01 9.522393691324270056e-05 1.002357336758691135e-04 9.522393691324268700e-05 -2.208676108355587075e+01
-5.864733936341484366e+01 -2.865647073722302984e+00 -4.934640104750119605e+00 -2.865647073722302984e+00 -5.993450914531305074e+01 1.548079162977733070e+00 -4.934640104750119605e+00 1.548079162977733070e+00 -3.986438395056247685e+01
-2.644829469161238222e+01 -2.182886153509651539e+00 4.845266696917890914e-01 -2.182886153509651539e+00 -2.051277559128359584e+01 -3.814682753912089108e+00 4.845266696917890914e-01 -3.814682753912089108e+00 -1.056549608117327033e+01
-2.847956315789440040e+01 5.791803587631390471e+00 1.705670538724294971e+00 5.791803587631390471e+00 -4.043016147783335867e+01 2.367363846217788392e+00 1.705670538724294971e+00 2.367363846217788392e+00 -2.294977348132428574e+01
-2.203621089874468453e+01 3.960041615320842201e+00 2.804511969170683017e+00 3.960041615320842201e+00 -5.161718302784943369e+00 -2.586459640779729341e+00 2.804511969170683017e+00 -2.586459640779729341e+00 -1.566285397604574037e+01
-3.904068690267186525e+01 1.518455789793456745e+00 1.089068501136209871e-01 1.518455789793456745e+00 -2.893955007073138930e+01 -6.622140824332011455e+00 1.089068501136209871e-01 -6.622140824332011455e+00 -9.087085875296354587e+00
-2.500970708732757330e+01 -8.463289948211388136e+00 -6.073412694438227177e+00 -8.463289948211388136e+00 -4.463294906120991357e+01 -1.362703825114331413e-01 -6.073412694438227177e+00 -1.362703825114331413e-01 -3.646126811561626369e+01
-1.570410806168786344e+01 -5.323913683468362912e+00 -1.601722030472547909e+00 -5.323913683468362912e+00 6.391892708208508633e-01 -2.043549788930831834e+00 -1.601722030472547909e+00 -2.043549788930831834e+00 3.812325218631321011e+00
-1.892075057943374361e+01 -4.608895858428801340e+00 -1.057938002100884844e+00 -4.608895858428801340e+00 -2.798451757589684519e+01 1.456229639259746245e+00 -1.057938002100884844e+00 1.456229639259746245e+00 -8.695980044707328105e+00
-1.690925721845291108e+01 -1.396758443535241145e+00 -1.098159907260888302e+00 -1.396758443535241145e+00 -1.430307745355479376e+01 1.299634637070294696e+00 -1.098159907260888302e+00 1.299634637070294696e+00 -3.898173660805741747e+01
7.131244206352239934e-02 -4.019656198218446441e+00 -1.030541494469666919e+00 -4.019656198218446441e+00 -1.756280942590256799e+01 8.170634184264626398e+00 -1.030541494469666919e+00 8.170634184264626398e+00 -2.095221408029326682e+01
