2.346227905755439735e+02 -7.176512647289477742e-02 -5.976007082492839143e-03 -7.176512647289477742e-02 2.346338797815858186e+02 -2.976334414990664673e-02 -5.976007082492839143e-03 -2.976334414990664673e-02 2.346808533189135346e+02
2.349339071620167090e+02 -1.404962801192932154e-01 -7.467179974023745170e-02 -1.404962801192932154e-01 2.348540125442523276e+02 2.241179460878084395e-02 -7.467179974023745170e-02 2.241179460878084395e-02 2.347351536530902933e+02
2.350371860015779077e+02 -1.051565080586816942e-01 -2.608580132991105555e-02 -1.051565080586816942e-01 2.350141094203823968e+02 2.960421970096453054e-02 -2.608580132991105555e-02 2.960421970096453054e-02 2.349337586458643727e+02
2.349400281491527096e+02 7.549924687473646978e-02 -2.042875036507552367e-01 7.549924687473646978e-02 2.349146566397935771e+02 6.309107595611671004e-02 -2.042875036507552367e-01 6.309107595611671004e-02 2.349455479994815903e+02
2.350087416223047683e+02 -4.220333995831482277e-02 -2.579937732181524293e-02 -4.220333995831482277e-02 2.349092817695182305e+02 3.797770181418526347e-02 -2.579937732181524293e-02 3.797770181418526347e-02 2.349391724132272827e+02
2.350410262049456946e+02 -3.155968237351988032e-02 -9.373137262463769603e-02 -3.155968237351988032e-02 2.349576485297989166e+02 3.468912986938151206e-03 -9.373137262463769603e-02 3.468912986938151206e-03 2.349867081902746122e+02
2.349113963566397274e+02 -5.542834971483743406e-02 -5.062632745565087689e-02 -5.542834971483743406e-02 2.350800364476285722e+02 1.635940779079578522e-01 -5.062632745565087689e-02 1.635940779079578522e-01 2.349722667625084114e+02
2.349150243940756297e+02 -1.034910054930875400e-01 1.442728337075194489e-01 -1.034910054930875400e-01 2.349951028889810232e+02 3.635463243497567137e-02 1.442728337075194489e-01 3.635463243497567137e-02 2.348947448670826361e+02
2.350155273960274656e+02 -1.018856166082048459e-01 1.254572516448304587e-01 -1.018856166082048459e-01 2.349571817647486682e+02 -9.832476505076680195e-02 1.254572516448304587e-01 -9.832476505076680195e-02 2.349740029870513069e+02
2.350121999269951516e+02 -1.123949024361153431e-01 6.296377639696301709e-02 -1.123949024361153431e-01 2.349879069277899646e+02 -3.339138158578691673e-02 6.296377639696301709e-02 -3.339138158578691673e-02 2.350642795910844427e+02
