3.248071305079575382e+02 9.291403197846778150e-01 1.605338228860077709e+00 9.291403197846778150e-01 3.240743378361514715e+02 -4.790041819529353845e-02 1.605338228860077709e+00 -4.790041819529353845e-02 1.956335483679067693e+02
3.244720699470119030e+02 5.827546369658139769e-01 -1.652705440928266212e+00 5.827546369658139769e-01 3.241501544594311213e+02 -4.823091786085444144e-02 -1.652705440928266212e+00 -4.823091786085444144e-02 1.956268590546758332e+02
3.244878017310925884e+02 1.439436210072919387e-01 -1.621435765903997295e+00 1.439436210072919387e-01 3.249717193414068674e+02 3.977056708871606894e+00 -1.621435765903997295e+00 3.977056708871606894e+00 1.935956830233960488e+02
3.238819561841596055e+02 -5.942383986785034627e-02 -1.648012345677301482e+00 -5.942383986785034627e-02 3.245156738695548597e+02 -1.927606249417410211e+00 -1.648012345677301482e+00 -1.927606249417410211e+00 1.945043588038892040e+02
3.247646414709529950e+02 3.056989706572127985e-01 1.705510474160483403e+00 3.056989706572127985e-01 3.241176244790155465e+02 -1.870888100144951993e+00 1.705510474160483403e+00 -1.870888100144951993e+00 1.937881528086320770e+02
2.830363350532337563e+02 8.703687762916160198e-01 -1.009421052571551763e-01 8.703687762916160198e-01 2.821029039134900813e+02 6.541368199986156984e-02 -1.009421052571551763e-01 6.541368199986156984e-02 2.306921468272833238e+02
2.828246505470122543e+02 1.006928654910881349e-01 -2.112753767942329719e-01 1.006928654910881349e-01 2.830592980301716466e+02 -3.661990532718346625e-01 -2.112753767942329719e-01 -3.661990532718346625e-01 2.302010410301151353e+02
2.824009946737063501e+02 1.422453668678513861e-01 -1.619117952016702888e-01 1.422453668678513861e-01 2.833637326478298064e+02 1.300514288789483552e-01 -1.619117952016702888e-01 1.300514288789483552e-01 2.305160612838755014e+02
2.829339351304770389e+02 1.733486086181809660e-01 3.548327794117580591e-01 1.733486086181809660e-01 2.826329898695437919e+02 -1.574583978721326438e-01 3.548327794117580591e-01 -1.574583978721326438e-01 2.302515520551590384e+02
2.827390531465980530e+02 1.460921240120560405e-01 -6.639324130687602743e-01 1.460921240120560405e-01 2.826311605437135768e+02 -2.877825797026260513e-01 -6.639324130687602743e-01 -2.877825797026260513e-01 2.303737030537173780e+02
2.831492265593508932e+02 -6.522463598861826251e-01 -7.464307756369537028e-01 -6.522463598861826251e-01 2.822738165560928110e+02 3.314324572240289757e-01 -7.464307756369537028e-01 3.314324572240289757e-01 2.305292098571948145e+02
2.830078370724344836e+02 2.408361535772041984e-01 -4.872496347497955460e-01 2.408361535772041984e-01 2.829533946427786191e+02 -8.191993820543412574e-03 -4.872496347497955460e-01 -8.191993820543412574e-03 2.304060336837496266e+02
2.828894763993751553e+02 1.632614520481088238e-01 1.413800816422601248e-01 1.632614520481088238e-01 2.832285036155085436e+02 3.080697561330647885e-02 1.413800816422601248e-01 3.080697561330647885e-02 2.304109432368774435e+02
2.828396660672585199e+02 2.358184397961939904e-01 -4.226965353384297130e-01 2.358184397961939904e-01 2.829887396631892216e+02 -3.706853690610415475e-01 -4.226965353384297130e-01 -3.706853690610415475e-01 2.304304920992838674e+02
2.825511969025399139e+02 2.299636566121661119e-01 4.074552885115748091e-01 2.299636566121661119e-01 2.823324114143040333e+02 2.353340681753467167e-01 4.074552885115748091e-01 2.353340681753467167e-01 2.305230117815028166e+02
