-3.770073100849892223e-01 1.135266713858405354e-05 -1.929953437363822377e-05 1.135266713858405354e-05 -3.769891458191120259e-01 -2.838166687478601227e-05 -1.929953437363822377e-05 -2.838166687478601565e-05 -3.769789284176950916e-01
3.890880201210534794e-01 -5.200457877462273615e+00 -1.387377350513479879e+00 -5.200457877462273615e+00 7.746582651165839550e+00 -4.925482834481268668e+00 -1.387377350513479879e+00 -4.925482834481268668e+00 9.395211028942830112e+00
-4.090697532730078301e+00 7.516629178600003902e-01 -2.278955077673745944e+00 7.516629178600003902e-01 1.049645580136515655e+01 4.036351860395127389e+00 -2.278955077673745944e+00 4.036351860395127389e+00 1.242804427573544679e+01
-1.069211286017995732e+01 -3.332421020259300093e+00 4.626345050123732983e-01 -3.332421020259300093e+00 -9.075211512162005834e-01 -9.197349764015209095e-01 4.626345050123732983e-01 -9.197349764015209095e-01 8.731525131779404703e+00
-6.562419655380309358e+00 3.428001203600444580e+00 3.734104600874415869e+00 3.428001203600444580e+00 1.043962703690863858e+00 -3.261773569095190339e+00 3.734104600874415869e+00 -3.261773569095190339e+00 -4.136879429195141178e+00
-1.141036266410165645e+01 2.262575453601581188e+00 -3.856558971959490822e+00 2.262575453601581188e+00 -4.989127634532500188e+00 -1.830365933423280689e+00 -3.856558971959490822e+00 -1.830365933423280689e+00 -8.343867208367377941e+00
4.939326054232267893e+00 -3.169181798374664516e-01 -1.934606226009284446e+00 -3.169181798374664516e-01 -9.674309118283732190e+00 2.684298632240421423e+00 -1.934606226009284446e+00 2.684298632240421423e+00 -2.084198413668628458e+00
7.229353054063322404e+00 5.152810922665836735e+00 -1.395205281066147718e+00 5.152810922665836735e+00 1.672041183007008769e+01 -1.821670953376072211e+00 -1.395205281066147718e+00 -1.821670953376072211e+00 9.743102110579370034e+00
-6.420856490165660624e+00 1.525157894771548062e+00 -1.232521056742819754e+00 1.525157894771548062e+00 -2.152155501797547110e+00 2.766798380435540938e+00 -1.232521056742819754e+00 2.766798380435540938e+00 3.426769748069964372e+00
1.181757387435071083e+00 3.191527605541485180e+00 -1.544879705232463873e+00 3.191527605541485180e+00 -1.065400815270809654e+00 -3.320777616309823710e+00 -1.544879705232463873e+00 -3.320777616309823710e+00 7.270203310996185664e+00
1.089716397358971278e+01 -4.736017092682047291e+00 3.875480811651661028e+00 -4.736017092682047291e+00 -2.576007043077970238e+00 4.461999120162581711e+00 3.875480811651661028e+00 4.461999120162581711e+00 1.029493561996971707e+01
-3.929649910074484720e-01 1.153040975048646179e-05 1.585431183149814454e-05 1.153040975048646179e-05 -3.929707562173177515e-01 5.765202341449667984e-06 1.585431183149814454e-05 5.765202341449667984e-06 -3.929750801220569523e-01
-8.862307475369028964e+00 1.452872068489457602e+00 -6.614067963967007469e-01 1.452872068489457602e+00 4.447344101783619608e-01 -1.659538354466081778e+00 -6.614067963967007469e-01 -1.659538354466081778e+00 -1.163660662380245725e+01
-1.485608437195874565e+01 2.622974931562256362e-01 8.712898504090422769e-01 2.622974931562256362e-01 -1.516199697748189656e+01 -6.000417776714301876e-01 8.712898504090422769e-01 -6.000417776714301876e-01 -1.343547785486458679e+01
3.676937312638068889e+00 -1.943619808019377837e+00 -1.516975384683504346e+00 -1.943619808019377837e+00 6.653168890550449355e+00 -1.130635396011242966e+00 -1.516975384683504346e+00 -1.130635396011242966e+00 -4.101404891375064921e+00
8.801481185988628830e-01 1.767563744371931422e+00 7.615200399552920496e-01 1.767563744371931422e+00 -4.885691690600638459e+00 7.184929125654699877e-01 7.615200399552920496e-01 7.184929125654699877e-01 -1.691113344227691107e+00
-8.173888187818095119e+00 1.998353109267373862e+00 1.885886504963239396e+00 1.998353109267373862e+00 -5.589728543333954747e+00 -1.301317237696511198e+00 1.885886504963239396e+00 -1.301317237696511198e+00 -1.250506566766540040e+01
1.245539076583607851e+00 -3.501437985843636191e+00 -2.317354561725907480e+00 -3.501437985843636191e+00 -2.076209125478118700e-01 1.345060211928191807e+00 -2.317354561725907480e+00 1.345060211928191807e+00 1.483733677975122456e+00
6.670591537857130326e+00 -2.651161218738735226e+00 -1.294798571067347526e+00 -2.651161218738735226e+00 1.996048647025317965e-02 1.748249120154062419e+00 -1.294798571067347526e+00 1.748249120154062419e+00 7.986824821504659333e+00
-5.870915728100388087e+00 1.479657742123782427e+00 5.929768963214249178e-01 1.479657742123782427e+00 -1.001078319591541721e+01 1.975854815043631696e+00 5.929768963214249178e-01 1.975854815043631696e+00 -7.108638707143609681e-01
-1.662313148321340694e+00 -1.217081889589259891e+00 3.261816045861873348e-01 -1.217081889589259891e+00 -5.176783189560750564e+00 1.077695549378346662e+00 3.261816045861873348e-01 1.077695549378346662e+00 4.596070823811401418e+00
6.358377434370456882e+00 -3.746348325766657439e-01 -7.173494309955374959e-01 -3.746348325766657439e-01 1.161753286932848628e+00 5.522680351274691368e-01 -7.173494309955374959e-01 5.522680351274691368e-01 -4.325054937608713068e+00
6.358377434370456882e+00 -3.746348325766657439e-01 -7.173494309955374959e-01 -3.746348325766657439e-01 1.161753286932848628e+00 5.522680351274691368e-01 -7.173494309955374959e-01 5.522680351274691368e-01 -4.325054937608713068e+00
