5.889492653528228061e+01 -3.508276849544173567e-03 0.000000000000000000e+00 -3.508276849544172699e-03 5.889087942510236928e+01 0.000000000000000000e+00 0.000000000000000000e+00 0.000000000000000000e+00 1.822694083559422396e+01
1.521777679623629354e+02 6.480674526408289005e+00 3.316426171952439717e+01 6.480674526408289005e+00 1.282637818783827584e+02 2.170462328747733594e+01 3.316426171952439717e+01 2.170462328747733594e+01 4.689074741989141870e+01
7.179564749965126502e+00 1.755668995333635607e+01 -2.104803574002173150e+01 1.755668995333635607e+01 1.026603127242661486e+02 -3.317574915148549763e+01 -2.104803574002173150e+01 -3.317574915148549763e+01 -1.378774777592090395e+01
6.621829292969029268e+01 -1.042618975892598954e+01 1.170542720771500989e+01 -1.042618975892598954e+01 1.389393250083498401e+02 2.344428929696730890e+01 1.170542720771500989e+01 2.344428929696730890e+01 1.615303943977076173e+01
4.089189961203526735e+01 -3.023959363536123135e+01 2.400966237514873569e+01 -3.023959363536123135e+01 -1.529746425353852324e+01 -1.316043012531735101e+01 2.400966237514873569e+01 -1.316043012531735101e+01 1.045203631440167946e+01
-1.742085312993382473e+01 1.732460445734850296e+01 -1.812211117038988561e+01 1.732460445734850296e+01 2.282244609142937364e+01 -1.486846883964575206e+01 -1.812211117038988561e+01 -1.486846883964575206e+01 3.352478950688598758e+01
6.614918396209701257e+01 2.408839622536064695e+01 7.098695703785610434e+00 2.408839622536064695e+01 1.029248605942389219e+02 -3.426340575386884524e+01 7.098695703785610434e+00 -3.426340575386884524e+01 1.381693503416110502e+01
1.058119153335156568e+02 3.975737831299043279e+01 2.481281560047339241e+01 3.975737831299043279e+01 2.148900481812915331e+01 -3.821633865281844677e+00 2.481281560047339241e+01 -3.821633865281844677e+00 4.254643534678708505e+01
1.320180418221493390e+01 -2.364802052836195401e+01 2.011154584076646756e+01 -2.364802052836195401e+01 1.323671035198156574e+02 2.682694928957916147e+01 2.011154584076646756e+01 2.682694928957916147e+01 -1.855337761009658237e+01
-3.314139735065560810e+00 -1.244831117052718383e+01 1.079475159084301161e+01 -1.244831117052718383e+01 1.038606528999463450e+02 3.860912263640067010e+01 1.079475159084301161e+01 3.860912263640067010e+01 4.418786756276621475e+01
9.803295172303191407e+01 1.528472099368376647e+01 2.734243501656228048e+01 1.528472099368376647e+01 4.672859161325531119e+01 3.772350359187075242e+01 2.734243501656228048e+01 3.772350359187075242e+01 5.671196835570101769e+01
1.028567786645607463e+01 -5.545783456490695380e-03 0.000000000000000000e+00 -5.545783456490696248e-03 1.027927925939248510e+01 0.000000000000000000e+00 0.000000000000000000e+00 0.000000000000000000e+00 -1.818010568179451880e+01
-6.033458032244775637e+01 2.501384024657950889e+01 -1.147386664617734908e+01 2.501384024657950889e+01 -2.989939599183184527e+01 2.769660861440636168e+01 -1.147386664617734908e+01 2.769660861440636168e+01 -1.284849295059615315e+01
-3.646575522748205600e+01 -2.073518013070427557e+01 -6.017654233519978746e+00 -2.073518013070427557e+01 -6.581681224171087763e+01 -1.456516453910902698e+01 -6.017654233519978746e+00 -1.456516453910902698e+01 -3.334769745964483434e+01
5.090494769360900307e+01 -1.297305449162331037e+01 -2.966969964640346191e+01 -1.297305449162331037e+01 -1.985525626269713628e+00 6.613363576898378504e+00 -2.966969964640346191e+01 6.613363576898378504e+00 1.123773735276316721e+01
-9.135361671836020037e+01 -4.041093993190699507e+00 -1.567284551528489978e+01 -4.041093993190699507e+00 -7.372020560361654873e+01 -3.379654848197728967e+01 -1.567284551528489978e+01 -3.379654848197728967e+01 -7.306589998673896957e+01
3.510744191818098869e+01 6.237623634638840286e+00 -3.613636647708911909e+01 6.237623634638840286e+00 -3.190695623987543783e+01 -3.139064852134162820e+01 -3.613636647708911909e+01 -3.139064852134162820e+01 1.923514334519019320e+00
-1.172948885002135100e+01 -1.856562167937327601e+01 1.718578987226180743e+01 -1.856562167937327601e+01 -4.503245395617207691e+01 -1.641074232313005865e+01 1.718578987226180743e+01 -1.641074232313005865e+01 -6.780022027109592386e+01
-1.574619716331910269e+01 7.952670216332464292e+00 3.499450283640858572e+01 7.952670216332464292e+00 -2.318726326559514384e+00 3.959854240893350141e-01 3.499450283640858572e+01 3.959854240893350141e-01 -4.535143956022476175e+01
-1.423343015653796861e+01 3.472030552315381868e+01 -3.295729268279541202e+01 3.472030552315381868e+01 -5.113710720900208884e+01 -9.744045943262589660e+00 -3.295729268279541202e+01 -9.744045943262589660e+00 -6.369315822159460083e+01
1.169877983577631255e+02 1.876622090270650034e+01 -3.184696544066214230e+01 1.876622090270650034e+01 2.921466380765859938e+01 1.126941605546019254e+01 -3.184696544066214230e+01 1.126941605546019254e+01 3.884229852826675966e+01
4.296816142603986322e+01 2.183566781297758652e+01 1.564585334481430046e+01 2.183566781297758652e+01 6.802370288544688037e+01 -1.591009148910218940e+01 1.564585334481430046e+01 -1.591009148910218940e+01 4.890074093216119877e+01
-3.525562362589758436e+01 7.559412569435315470e-04 0.000000000000000000e+00 7.559412569435315470e-04 -3.525475189150948552e+01 0.000000000000000000e+00 0.000000000000000000e+00 0.000000000000000000e+00 -5.220332989662645673e+01
8.429606967531024964e+01 -3.811655454343268445e+01 -3.487410208892472241e+01 -3.811655454343268445e+01 8.368937376319115629e+01 -3.029721613457475371e+01 -3.487410208892472241e+01 -3.029721613457475371e+01 2.685883876845402973e+00
-1.140145229521315855e+02 2.767685241740303326e+01 -3.924459274083951232e+00 2.767685241740303326e+01 -8.700358895512140478e+00 9.362858297955220621e+00 -3.924459274083951232e+00 9.362858297955220621e+00 -8.591102044410894223e+01
-8.270834500156870206e+01 2.243327314941248218e+01 -2.488428797830074046e+01 2.243327314941248218e+01 -2.087091593077117935e+01 -3.380269632761127951e+01 -2.488428797830074046e+01 -3.380269632761127951e+01 -3.574277939155818018e+01
-1.062450567335865230e+02 5.955844501274707881e+00 3.703663288892730776e+00 5.955844501274707881e+00 -5.161645827058651292e+01 -2.988204824589730890e+01 3.703663288892730776e+00 -2.988204824589730890e+01 -8.197432992462125867e+01
-7.566246086347294408e+01 -2.723290826861105529e+01 3.718086151857945509e+01 -2.723290826861105529e+01 -4.933465881633824779e+01 2.784682010407321773e+00 3.718086151857945509e+01 2.784682010407321773e+00 -8.701901390375087431e+01
-9.534164243504489988e+00 -1.640138414430950675e+01 1.194364092452641479e+01 -1.640138414430950675e+01 7.141535033422275092e+01 -1.897972694193691190e+00 1.194364092452641479e+01 -1.897972694193691190e+00 -6.132176733812987335e-01
-2.800026290395386397e+01 1.879511690697535897e+01 9.201433985857883968e+00 1.879511690697535897e+01 5.842962136729764921e+01 -2.149390611383283911e+01 9.201433985857883968e+00 -2.149390611383283911e+01 6.367801228645038947e+00
-1.950517604652999992e+01 2.773935786968452444e+00 1.444822729411103168e+01 2.773935786968452444e+00 -7.745339056597444483e+01 3.242613689337179750e+01 1.444822729411103168e+01 3.242613689337179750e+01 -2.552139919979709148e+01
-1.803172532210468404e+01 -2.193406120261111880e+01 4.183196937874536836e+00 -2.193406120261111880e+01 -8.056009033903583827e+01 -2.132510599735710599e+01 4.183196937874536836e+00 -2.132510599735710599e+01 -6.722873326693814988e+01
-5.150158649542938605e+01 2.900524942342385515e+01 -1.020588773270228877e+01 2.900524942342385515e+01 -5.785854567997444065e+01 -1.301032876036370034e+01 -1.020588773270228877e+01 -1.301032876036370034e+01 -6.369856067353602924e+01
4.288414099950914959e+01 -2.737782598663479093e-05 -6.610121202007058723e-10 -2.737782598663479093e-05 4.288410677722572473e+01 -1.526550893108982632e-09 -6.610121202007074233e-10 -1.526550893108981805e-09 3.982811852802768016e+01
1.381796475736803416e+02 -1.095225025582797684e+01 -1.566795004674763803e+01 -1.095225025582797684e+01 3.507248684484816081e+00 -2.576767749969766652e-01 -1.566795004674763803e+01 -2.576767749969766652e-01 1.093465930962620831e+02
2.510090336600144312e+01 -1.736381846610441215e+01 2.279531314458713265e+00 -1.736381846610441215e+01 1.279412663578701483e+02 8.967498374959271601e+00 2.279531314458713265e+00 8.967498374959271601e+00 8.166992177019798405e+00
2.409368090468760926e+01 1.091462839657635442e+01 -2.337507243162734449e-01 1.091462839657635442e+01 1.149790096510213715e+02 -7.344556191999818573e+00 -2.337507243162734449e-01 -7.344556191999818573e+00 -1.249264481010947314e+01
4.502626295657645983e+01 2.473367676780920377e+01 1.955510117468848108e+01 2.473367676780920377e+01 1.457107625998714582e+02 8.665834323509756132e+00 1.955510117468848108e+01 8.665834323509756132e+00 7.899583911919219759e+01
3.000649175270384816e+01 -3.664973432224781646e+01 -2.584702705143931567e+01 -3.664973432224781646e+01 3.670032114559178638e+01 -1.677544117183528272e+01 -2.584702705143931567e+01 -1.677544117183528272e+01 1.179122869937824305e+02
1.049476639825059436e+02 -3.237211227850989559e+01 -2.396497884974834847e+01 -3.237211227850989559e+01 -2.395370586166030336e+01 -3.524678543329620162e+00 -2.396497884974834847e+01 -3.524678543329620162e+00 8.290007218509772713e+01
5.065902582050150471e+01 5.690865856525548772e+00 2.305864261004098470e+00 5.690865856525548772e+00 3.697868800806952549e+01 -2.110517220567508190e+01 2.305864261004098470e+00 -2.110517220567508190e+01 -3.421428363437366471e+01
7.637293054771110690e+01 -3.612511566484435122e+01 1.424584196293435845e+01 -3.612511566484435122e+01 1.269760989848982007e+02 -6.257970952257254638e+00 1.424584196293435845e+01 -6.257970952257254638e+00 6.414228589652176993e+01
8.764468818325950394e+01 2.658489995348541157e+01 -2.025606088337759303e+01 2.658489995348541157e+01 1.712308446877799639e+01 -4.115706479838332044e+00 -2.025606088337759303e+01 -4.115706479838332044e+00 1.131049915442568050e+02
3.241607268256969121e+01 3.746219027598922224e+01 2.623874250513100304e+00 3.746219027598922224e+01 7.471416160971809717e+00 -8.233426768995734335e+00 2.623874250513100304e+00 -8.233426768995734335e+00 1.483111827635124769e+01
-2.332083617862305225e+00 1.481332935079418274e-04 -2.619491792916564283e-11 1.481332935079418003e-04 -2.331914322664927042e+00 -6.044084423919391402e-11 -2.619491792916552327e-11 -6.044084423919400450e-11 -2.454067858931928026e+00
-2.259401583514372547e+01 -1.940114772047344260e+01 1.348816123620869867e+01 -1.940114772047344260e+01 8.943385736901267080e+01 5.616829466210859323e+00 1.348816123620869867e+01 5.616829466210859323e+00 7.165263564967182219e+01
-4.050317724877377401e+01 2.862036043756328141e+01 -2.106777063785664694e+01 2.862036043756328141e+01 2.632964380059854292e+01 -2.035136759316136335e+01 -2.106777063785664694e+01 -2.035136759316136335e+01 6.876081641365158248e+01
-2.329890087266065224e-01 2.939564242181132769e+01 4.474474711336575261e+00 2.939564242181132769e+01 -6.788878440042162765e+01 -2.175371901248923123e+01 4.474474711336575261e+00 -2.175371901248923123e+01 4.931715817909051225e+01
-5.581023273204074542e+01 1.449795668099038259e+01 -5.206533265644862851e+00 1.449795668099038259e+01 -1.356671576838517268e+01 -1.962176887463767017e+01 -5.206533265644862851e+00 -1.962176887463767017e+01 -1.536912240325434986e+01
9.916449293024746225e+01 -1.010435827276609722e+01 2.060930105885329766e+00 -1.010435827276609722e+01 1.028039439247224038e+02 -2.086124640502649896e+01 2.060930105885329766e+00 -2.086124640502649896e+01 -6.307663842674758570e+01
-2.423128661203626244e+00 6.910602692844392436e+00 -1.763576619268673928e+00 6.910602692844392436e+00 -6.110653759399334461e+01 2.170740184059361866e+01 -1.763576619268673928e+00 2.170740184059361866e+01 2.566173625414237947e+01
-3.955507182889225248e+01 1.547319446579071744e+01 -2.254399715048062802e+01 1.547319446579071744e+01 -1.175628810447203776e+01 1.192421029985717418e+01 -2.254399715048062802e+01 1.192421029985717418e+01 4.681306577559985271e+01
1.187962814719068376e+02 -4.028116085149452630e+01 -2.012651286550238439e+01 -4.028116085149452630e+01 1.027418407873005464e+02 1.820523706194768110e+00 -2.012651286550238439e+01 1.820523706194768110e+00 8.261259027232495100e+01
-2.888188734002403990e+01 3.249825899592129730e+01 -4.503241696981826081e+00 3.249825899592129730e+01 -1.854933625792228646e+00 -1.310406672267724026e+01 -4.503241696981826081e+00 -1.310406672267724026e+01 -5.276968829989095866e+01
8.714475117023914308e+00 -1.526150667137724248e+01 -2.164881955686808723e+01 -1.526150667137724248e+01 -4.765104465732277816e+01 2.631624241332734115e+01 -2.164881955686808723e+01 2.631624241332734115e+01 -3.227430510307334544e+01
-4.478415846136752521e+01 1.671572975554552634e-04 5.486248861208164535e-10 1.671572975554552634e-04 -4.478396223323008485e+01 1.267052584479432204e-09 5.486248861208142822e-10 1.267052584479435719e-09 -4.219615648484613502e+01
-1.200468538595747390e+02 -1.981572638150192844e+01 6.641249264311567480e+00 -1.981572638150192844e+01 8.133158297468897402e+00 -2.302316075521462935e+01 6.641249264311567480e+00 -2.302316075521462935e+01 -1.212485059143142081e+02
-9.393705870992316420e+01 -3.187400613607513478e+01 -9.863939103711302891e+00 -3.187400613607513478e+01 -4.632368602692881865e+00 -2.480447245832884917e+01 -9.863939103711302891e+00 -2.480447245832884917e+01 -6.163584116471569274e+01
-9.568118694834154780e+00 1.280729764299019635e+01 -1.255522995473514314e+01 1.280729764299019635e+01 -1.055956332801202677e+02 -1.607329198560782491e+00 -1.255522995473514314e+01 -1.607329198560782491e+00 -1.041338031154705277e+02
-7.460254537581560896e+01 -2.950537238504487902e+01 1.863320044422420452e+01 -2.950537238504487902e+01 -7.316137407725770458e+01 -2.306601049201069742e+01 1.863320044422420452e+01 -2.306601049201069742e+01 -3.556030850361833728e+01
-1.656475709302224653e+00 -1.497238149329965573e+01 -2.706594511122903057e+01 -1.497238149329965573e+01 -3.600005015138362552e+01 -1.513937478451083152e+01 -2.706594511122903057e+01 -1.513937478451083152e+01 -5.407862362965545344e+01
-1.153373821110886581e+02 -2.154782553042308635e+01 7.175470532692627579e+00 -2.154782553042308635e+01 -1.319345185330826382e+02 8.739562105766310651e+00 7.175470532692627579e+00 8.739562105766310651e+00 -1.201513300664250892e+02
-8.607205712972918832e+01 3.031937163290644222e+01 -2.263675885722392778e+01 3.031937163290644222e+01 -2.102073254760291476e+01 -1.395992699879097998e+01 -2.263675885722392778e+01 -1.395992699879097998e+01 -9.065521735513142687e+01
-1.449167222983294323e+01 -1.205219111299919543e+00 2.600541081076783279e+00 -1.205219111299919543e+00 -4.229072396307315529e+01 -2.689277995208653493e+01 2.600541081076783279e+00 -2.689277995208653493e+01 -2.129906254670947163e+01
2.981589524090204790e+01 8.836401674851474652e+00 1.189728689451005961e+00 8.836401674851474652e+00 -5.408754342237486412e+01 2.300688130717658986e+00 1.189728689451005961e+00 2.300688130717658986e+00 1.253606189754879097e+01
-1.160098693359520041e+02 1.012466901093819693e+01 2.438510680906503136e+00 1.012466901093819693e+01 -4.284025887383062781e+01 -1.097437365810597498e+01 2.438510680906503136e+00 -1.097437365810597498e+01 3.167946355169409589e+00
