6.456887595610559138e+00 6.435063048033133617e-06 2.413148633466093799e-06 6.435063048033133617e-06 6.456881160547229825e+00 1.608765717979792656e-06 2.413148633466093799e-06 1.608765717979792868e-06 6.456886791227465672e+00
-5.983191023117571561e+00 1.080209419294974937e+00 -7.723423870327897900e-01 1.080209419294974937e+00 -3.052692670962977139e+00 -2.023975289551329659e+00 -7.723423870327897900e-01 -2.023975289551329659e+00 -6.492628579172008862e+00
1.325259967538253036e+01 1.208170704956346708e-01 3.683311016424119622e+00 1.208170704956346708e-01 5.213097303972507035e+00 -3.521887295903418647e+00 3.683311016424119622e+00 -3.521887295903418647e+00 8.657843453663579325e+00
1.148894542307046240e+00 2.365699506030244148e+00 3.617881568487330224e+00 2.365699506030244148e+00 5.364494553082374217e+00 -3.921371250579038126e+00 3.617881568487330224e+00 -3.921371250579038126e+00 6.823267231436248581e-01
-2.199258095941761137e+00 -5.203208366091494064e+00 -1.920365838466840058e+00 -5.203208366091494064e+00 1.875811956107608580e+01 -2.701230807194630046e+00 -1.920365838466840058e+00 -2.701230807194630046e+00 -6.773992445440120136e+00
9.733347735042531923e+00 -1.737659741486263565e+00 1.204089332155218406e+00 -1.737659741486263565e+00 3.746774097927921598e+00 4.053298391725937755e+00 1.204089332155218406e+00 4.053298391725937755e+00 1.764591927508420710e+01
1.658840291508183284e+01 6.622021240368120010e-02 -4.418366616517459267e-02 6.622021240368120010e-02 4.278561984078548264e+00 -2.578479681416312452e+00 -4.418366616517459267e-02 -2.578479681416312452e+00 1.328615368006044584e+01
3.681981830847531612e+00 -3.128402381353920791e+00 1.120202564040769566e+00 -3.128402381353920791e+00 1.379715980301328493e+01 -3.393214502285624601e+00 1.120202564040769566e+00 -3.393214502285624601e+00 2.085305411526793407e+01
2.885395327962058776e+00 -6.200378346842511768e+00 -2.455334409268727036e+00 -6.200378346842511768e+00 7.220175053315501801e-01 -5.201837801128459393e-01 -2.455334409268727036e+00 -5.201837801128459393e-01 -6.044982488128855636e+00
5.556263243617126868e+00 2.862361382198468807e+00 6.284008732534621666e-01 2.862361382198468807e+00 -2.561266608662402078e+00 3.594921096384319892e+00 6.284008732534621666e-01 3.594921096384319892e+00 6.787499315381730902e+00
-6.185467651116653975e+00 -4.126856274339138153e+00 1.924368408680575016e+00 -4.126856274339138153e+00 2.956899124937125922e+00 -3.265600586639231917e+00 1.924368408680575016e+00 -3.265600586639231917e+00 8.619597865491842370e+00
-2.673632855663809482e-01 1.658010349557782211e-06 1.658010277771083269e-06 1.658010349557782211e-06 -2.673624565612986448e-01 -5.845821879670193325e-14 1.658010277771083057e-06 -5.845821879648338723e-14 -2.673690886026384161e-01
-1.159410421081305920e+01 3.256640122843678764e+00 1.742045623651660824e+00 3.256640122843678764e+00 -2.349941430041770474e+00 1.942746369262293493e+00 1.742045623651660824e+00 1.942746369262293493e+00 3.914041702976917225e+00
-9.822403350786968801e+00 1.196104880301561701e+00 3.102514046636067668e+00 1.196104880301561701e+00 8.478705217817205764e+00 -1.142357053132897482e+00 3.102514046636067668e+00 -1.142357053132897482e+00 1.131349516450111992e+01
-1.383363072785738090e+01 -4.712243913162080133e+00 -3.838744766505009842e+00 -4.712243913162080133e+00 -1.563125297730865704e+01 -1.420440482708462959e-01 -3.838744766505009842e+00 -1.420440482708462959e-01 -1.476474012888195020e+01
-4.136466044185871382e+00 3.191580587141729097e+00 4.056834114961054283e+00 3.191580587141729097e+00 -1.548351089905236577e+01 4.317268005619484761e+00 4.056834114961054283e+00 4.317268005619484761e+00 -1.979124601022332341e-01
-4.898815622898509137e-01 -6.122455092465747484e+00 -4.739185746323244519e-01 -6.122455092465747484e+00 1.575368119718143411e+01 -5.853901207176294363e+00 -4.739185746323244519e-01 -5.853901207176294363e+00 1.797615437961162854e+01
-1.063641223887474574e+01 -2.449691394533701772e+00 -2.669105197381220207e-01 -2.449691394533701772e+00 -3.434830471595104573e+00 -2.145610742151973227e+00 -2.669105197381220207e-01 -2.145610742151973227e+00 -1.693384080047643891e+01
2.613044272425467884e+00 2.691373160910764284e+00 -1.478106096307978179e+00 2.691373160910764284e+00 1.532641748068766319e+01 -6.948138838736531042e+00 -1.478106096307978179e+00 -6.948138838736531042e+00 1.310476015927353544e+01
1.539914931737615289e+00 -3.478972769163485967e+00 -1.229499516781649149e+00 -3.478972769163485967e+00 1.469896379500737760e-01 1.372288474829074900e+00 -1.229499516781649149e+00 1.372288474829074900e+00 -5.513474019712609753e+00
2.404155135685392075e+00 -6.236425733198625920e+00 -3.968269871271439708e+00 -6.236425733198625920e+00 -1.353824410886177532e+01 6.333773881892365232e+00 -3.968269871271439708e+00 6.333773881892365232e+00 -2.272975303357121390e+00
8.449283814438290463e+00 5.597914217983528395e+00 -9.249437977828595114e-01 5.597914217983528395e+00 1.017886376747755151e+01 1.672666035083735236e+00 -9.249437977828595114e-01 1.672666035083735236e+00 1.167611008373763148e+01
-6.660141036758197686e+00 -1.708249732269270921e-06 -4.270624390720519251e-06 -1.708249732269270921e-06 -6.660135057884152054e+00 -6.832998836608841420e-06 -4.270624390720518404e-06 -6.832998836608841420e-06 -6.660149578006489435e+00
-4.538072927673603707e-01 -5.869677074469438871e+00 -1.681293841174645420e+00 -5.869677074469438871e+00 2.260747096423085523e-01 -4.292834226400682240e+00 -1.681293841174645420e+00 -4.292834226400682240e+00 1.970634128022198173e+00
-1.062257835377915427e+01 2.838587971442015356e-01 3.365802734329716106e+00 2.838587971442015356e-01 3.140773041031621915e+00 1.645776320934042025e-02 3.365802734329716106e+00 1.645776320934042025e-02 1.041673064401466320e+01
-1.874811273401081735e+01 -6.742394100757721276e+00 -5.197946243843613701e+00 -6.742394100757721276e+00 -7.357006095757175679e+00 -5.425704270942611096e+00 -5.197946243843613701e+00 -5.425704270942611096e+00 6.691829138900574625e-01
-1.927692215105858153e+01 2.318436726672309933e-01 1.322718668133761932e+00 2.318436726672309933e-01 -1.631441827047963145e+01 1.593868297533989287e+00 1.322718668133761932e+00 1.593868297533989287e+00 -1.668023396434909955e+01
-1.429450374702507887e+01 -3.168973369277320318e-01 -8.716872018309410608e-01 -3.168973369277320318e-01 -1.632592050904982628e+01 1.384734874619669931e+00 -8.716872018309410608e-01 1.384734874619669931e+00 -1.962385058503756952e+01
-1.909071859717176300e+00 -6.674760090100554599e+00 -4.019021029951419521e+00 -6.674760090100554599e+00 -1.545162571797850859e+01 4.431510445850016522e-01 -4.019021029951419521e+00 4.431510445850016522e-01 -4.816758266641953945e+00
-9.730940409034824157e+00 3.683300755453144948e+00 1.486158922125662585e+00 3.683300755453144948e+00 -1.622701913526345052e+01 3.607912443219366772e+00 1.486158922125662585e+00 3.607912443219366772e+00 8.259129560304877771e+00
-1.894075021366532141e+01 2.373030670992197933e-03 -1.379200073279903904e+00 2.373030670992197933e-03 -9.981425550225097254e+00 -3.546472034877999668e+00 -1.379200073279903904e+00 -3.546472034877999668e+00 -1.648213521019531314e+01
4.233321876892379265e+00 -2.663302391751340092e+00 -1.812583895104218801e+00 -2.663302391751340092e+00 -7.100654324401999951e+00 3.570834851659351994e+00 -1.812583895104218801e+00 3.570834851659351994e+00 -2.212381159178839152e+00
1.252825708827262652e+01 -2.740903858172572427e+00 -1.263640376996394865e+00 -2.740903858172572427e+00 9.473565017110811226e+00 6.008343681029401084e-01 -1.263640376996394865e+00 6.008343681029401084e-01 1.106460774565127103e+01
6.138461996718723057e+00 1.626589677484150006e-05 8.132947788971830349e-06 1.626589677484148989e-05 6.138437597869239148e+00 1.016618479358284969e-05 8.132947788971830349e-06 1.016618479358284969e-05 6.138429464920696965e+00
2.044023293873080149e+01 4.610783387840340808e+00 3.385705419473618694e+00 4.610783387840340808e+00 2.520248784784380192e+01 -3.746055436664394112e+00 3.385705419473618694e+00 -3.746055436664394112e+00 7.462524578630134187e-01
1.482492273087781598e+01 1.739597073673781136e+00 3.709332754221357775e-01 1.739597073673781136e+00 4.763779301804285105e+00 -6.012471204265913416e-01 3.709332754221357775e-01 -6.012471204265913416e-01 -2.218017546902741444e+00
1.640669100378933720e+01 2.760134814775340395e+00 3.320900700621276957e+00 2.760134814775340395e+00 8.331107480304510204e+00 1.992355894342252021e-01 3.320900700621276957e+00 1.992355894342252021e-01 1.141260299900574005e+01
-8.261971277786605228e+00 2.501634006467317484e+00 1.491734003737421155e+00 2.501634006467317484e+00 -6.874287267710501581e+00 7.912891354215596806e-02 1.491734003737421155e+00 7.912891354215596806e-02 -8.360642449008244270e+00
-4.913337206969790927e+00 -6.149077336671298966e+00 -4.591754461314369706e+00 -6.149077336671298966e+00 7.409436916407178941e+00 -4.188259939909046992e+00 -4.591754461314369706e+00 -4.188259939909046992e+00 1.379586072311160017e+01
1.141503436589287324e+00 -3.118613563690553647e+00 4.822284316073781052e-01 -3.118613563690553647e+00 2.506552511173098186e+00 1.030096945354428417e+00 4.822284316073781052e-01 1.030096945354428417e+00 -3.239888433620444541e+00
2.138366302587475232e-01 -4.579305622727449232e-01 -2.445500310306569336e+00 -4.579305622727449232e-01 5.484582264099330473e+00 -1.181142948177104746e+00 -2.445500310306569336e+00 -1.181142948177104746e+00 -8.455374482458593022e+00
1.990746025229571359e+01 4.194208534544514144e+00 3.292656701298235511e+00 4.194208534544514144e+00 2.444537244196436987e+01 -9.892259115287183047e-01 3.292656701298235511e+00 -9.892259115287183047e-01 1.688825777009237683e+01
5.789320869123726787e+00 3.369140907191903622e+00 1.227724378064095623e-01 3.369140907191903622e+00 1.764811284957801973e+01 -2.600684361122149735e+00 1.227724378064095623e-01 -2.600684361122149735e+00 1.893539238636284949e+01
-5.069989770092054648e+00 -2.110947846421769025e+00 -9.161991398834760936e-02 -2.110947846421769025e+00 -7.321178859158607999e-01 -3.695217758146947862e+00 -9.161991398834760936e-02 -3.695217758146947862e+00 -9.858212377711973673e+00
-3.934610321068783834e-01 1.676379865799809875e-05 1.257284829419034036e-05 1.676379865799809875e-05 -3.934788436472340667e-01 6.286423245888190283e-06 1.257284829419034036e-05 6.286423245888190283e-06 -3.934893210213761261e-01
-1.066590814227150519e+00 -3.874412726133593221e+00 -3.100223477514832737e+00 -3.874412726133593221e+00 3.030699894928135851e+00 9.897453737532607709e-01 -3.100223477514832737e+00 9.897453737532607709e-01 -3.305068830438690597e+00
1.378497682212728570e+01 -1.585558668797194537e+00 -2.242728202419396188e-01 -1.585558668797194537e+00 1.013889299714003656e+01 1.721777226542400507e+00 -2.242728202419396188e-01 1.721777226542400507e+00 1.085694815842582273e+01
3.079543926966769263e+00 -7.511412967727700618e+00 -5.493104077442987787e+00 -7.511412967727700618e+00 1.452792281212640546e+01 -3.298617129005734228e+00 -5.493104077442987787e+00 -3.298617129005734228e+00 1.242865955661041433e+01
-9.437693205618920445e+00 -4.655638036426406501e+00 -2.510839651342500645e+00 -4.655638036426406501e+00 -4.108139525434387096e+00 -1.992581923380423392e+00 -2.510839651342500645e+00 -1.992581923380423392e+00 1.138526469822535425e+01
8.035055030600409154e+00 5.236519098685294971e+00 2.145415662273186364e+00 5.236519098685294971e+00 -8.790750597501123309e+00 2.348094780603911413e+00 2.145415662273186364e+00 2.348094780603911413e+00 -8.167651588276029884e+00
4.107008434206970371e+00 -4.295843352475833932e+00 -3.259905849046865089e+00 -4.295843352475833932e+00 -8.139679205942078610e+00 1.428450458076664376e+00 -3.259905849046865089e+00 1.428450458076664376e+00 1.237341795084222973e+01
1.142257553960017091e+01 -2.023423246420615662e+00 -1.141047452872432144e+00 -2.023423246420615662e+00 1.331931011652782182e+01 -1.629179279644584755e-01 -1.141047452872432144e+00 -1.629179279644584755e-01 -9.448486710762150409e+00
-6.546369717042463066e+00 3.334556222538194170e+00 9.149818661796955688e-01 3.334556222538194170e+00 9.683138031171142357e-01 -3.268141595845325931e+00 9.149818661796955688e-01 -3.268141595845325931e+00 1.934676835805577477e+00
4.614637303550778863e-02 7.425580847571672249e-01 -2.087086668687764046e+00 7.425580847571672249e-01 3.873609489494040492e+00 -1.133111925680354348e+00 -2.087086668687764046e+00 -1.133111925680354348e+00 -5.979720634667387458e+00
1.254949195990343291e+01 3.189336026482682662e+00 4.346402559374179297e+00 3.189336026482682662e+00 1.335507969298324582e+01 1.451177667863833287e+00 4.346402559374179297e+00 1.451177667863833287e+00 -1.716932615438943710e+00
-6.535305413504584493e+00 -4.317939479261133846e-06 -2.158969771532717369e-06 -4.317939479261133846e-06 -6.535297857109156006e+00 -2.158969705782818643e-06 -2.158969771532717369e-06 -2.158969705782818643e-06 -6.535302175048983031e+00
-1.043572707984816184e+01 -9.201965771168685304e-01 -2.116997685761767833e+00 -9.201965771168685304e-01 -1.308577105474602043e+01 -9.734322079448198828e-01 -2.116997685761767833e+00 -9.734322079448198828e-01 -2.033569868102043898e+01
2.873696242953534874e+00 7.220996268114269201e-01 -1.704827222785467056e+00 7.220996268114269201e-01 7.145426711776584838e+00 -2.646725803419986978e+00 -1.704827222785467056e+00 -2.646725803419986978e+00 1.948765524802279714e+00
4.267959060006334404e+00 4.572121695976054667e+00 2.421450828151250789e+00 4.572121695976054667e+00 -8.106287975100544330e+00 4.391002340798338288e+00 2.421450828151250789e+00 4.391002340798338288e+00 -1.634667581938340289e-02
-6.271421373684800571e+00 1.146723288691633869e+00 7.483973388899153312e-01 1.146723288691633869e+00 -4.898274786725608010e+00 -1.628691673015655095e+00 7.483973388899153312e-01 -1.628691673015655095e+00 6.019601326976629529e+00
-1.165541639017654774e+01 -4.869508259353748869e+00 -2.888019299646887195e+00 -4.869508259353748869e+00 -4.032965898550663120e+00 -1.408077848098583662e-01 -2.888019299646887195e+00 -1.408077848098583662e-01 1.979311436960176085e+00
-1.773278164497543941e+01 1.887802650500060020e+00 -8.959708102642000016e-02 1.887802650500060020e+00 -1.865357878184015306e+01 4.465391896143641182e-01 -8.959708102642000016e-02 4.465391896143641182e-01 -3.021500173620449647e+00
-1.273121624884583269e+01 -3.912708327833840372e+00 -3.312238062649291326e+00 -3.912708327833840372e+00 -1.766498048082215944e-01 -9.071407087825058557e-01 -3.312238062649291326e+00 -9.071407087825058557e-01 -1.153590286907752294e+01
-5.008311669700439950e+00 6.673812780370178555e-01 1.749628674321170863e+00 6.673812780370178555e-01 -1.750550482251451712e+01 2.036693020172579249e+00 1.749628674321170863e+00 2.036693020172579249e+00 -4.413021902600474000e+00
-9.188505467254794112e+00 -3.301324693276815214e+00 1.155466781250412689e+00 -3.301324693276815214e+00 -6.627466697021587194e+00 1.861085498416976680e+00 1.155466781250412689e+00 1.861085498416976680e+00 5.583450131129570337e+00
-2.013137890255483953e+00 7.486386719191365779e-01 -1.659571208796983832e-01 7.486386719191365779e-01 -1.036643504684109907e+01 -1.447713089149384347e+00 -1.659571208796983832e-01 -1.447713089149384347e+00 -1.119966874113496225e+01
