2.719613664969564866e+02 1.043546084015239961e+00 -8.134962834738139748e-01 1.043546084015239961e+00 2.720451900254671500e+02 -5.003148003883023387e-01 -8.134962834738139748e-01 -5.003148003883023387e-01 1.603206417883965571e+02
2.722479317403087862e+02 9.245177311290324607e-01 -7.028626220928535506e-03 9.245177311290324607e-01 2.714352374693567640e+02 3.710409578697070054e-02 -7.028626220928535506e-03 3.710409578697070054e-02 1.599017488856158309e+02
2.724048177282194843e+02 -4.781669161335143359e-02 1.573332641247159769e+00 -4.781669161335143359e-02 2.718290476508525444e+02 -4.281953667007058761e-02 1.573332641247159769e+00 -4.281953667007058761e-02 1.582499291837912949e+02
2.719605424511236720e+02 3.013275617473938975e-02 2.518248811734611348e+00 3.013275617473938975e-02 2.726398823103530162e+02 4.023679195026731437e-01 2.518248811734611348e+00 4.023679195026731437e-01 1.590140488172303037e+02
2.731934780634919093e+02 -2.827270405696262756e-01 8.907186319976708733e-01 -2.827270405696262756e-01 2.720545233360225552e+02 -5.654981477613273411e-01 8.907186319976708733e-01 -5.654981477613273411e-01 1.568369858269097108e+02
2.374004163204295992e+02 1.911198742024711739e-01 2.112001346007033042e-01 1.911198742024711739e-01 2.375502470409326463e+02 -3.391635926092031461e-01 2.112001346007033042e-01 -3.391635926092031461e-01 1.923931226013803553e+02
2.368976338753529944e+02 2.755181021572889466e-01 -1.896432461544513004e-01 2.755181021572889466e-01 2.373513395996998554e+02 -3.850895464848788086e-01 -1.896432461544513004e-01 -3.850895464848788086e-01 1.923409421401674990e+02
2.374909797056167235e+02 1.066515769549288617e+00 -1.304981794030308020e-02 1.066515769549288617e+00 2.362617668004708094e+02 -8.892216484078953320e-02 -1.304981794030308020e-02 -8.892216484078953320e-02 1.923220657548657471e+02
2.365353003897737665e+02 3.439508771725287573e-01 4.024422773676601950e-01 3.439508771725287573e-01 2.360799675529918318e+02 -2.478712986722288181e-01 4.024422773676601950e-01 -2.478712986722288181e-01 1.922007988520813910e+02
2.372037896581881569e+02 -8.365050865661664836e-02 2.155218580915640170e-01 -8.365050865661664836e-02 2.367223195644288580e+02 -5.926874610703488644e-01 2.155218580915640170e-01 -5.926874610703488644e-01 1.921322626190500387e+02
2.375958108917519667e+02 7.226542424815762811e-01 -5.222701732007638542e-01 7.226542424815762811e-01 2.367495337253011201e+02 -6.275481098600665941e-01 -5.222701732007638542e-01 -6.275481098600665941e-01 1.924091774044247245e+02
2.369860340474762097e+02 3.908032505560385395e-01 1.434962683352822566e-01 3.908032505560385395e-01 2.365049072462248887e+02 6.257517024895455915e-01 1.434962683352822566e-01 6.257517024895455915e-01 1.920365874673399560e+02
2.372714606059939229e+02 1.984512854345188981e-01 -8.088065540730547676e-02 1.984512854345188981e-01 2.369379636910849172e+02 -9.659216594372081049e-03 -8.088065540730547676e-02 -9.659216594372081049e-03 1.921407414737334420e+02
2.371212395666119335e+02 -2.235633675250480942e-02 -6.922375857472050642e-01 -2.235633675250480942e-02 2.372199855403454194e+02 -6.482491183549184965e-01 -6.922375857472050642e-01 -6.482491183549184965e-01 1.924208305391476586e+02
2.370118280119455960e+02 3.577390091368417568e-01 1.200112986798322900e-01 3.577390091368417568e-01 2.374134661383698983e+02 1.327601478460166684e-01 1.200112986798322900e-01 1.327601478460166684e-01 1.922946352726870884e+02
