4.540791178217635320e+02 -3.540312417488392094e-02 8.053351450655633625e-01 -3.540312417488392094e-02 4.540382416231269644e+02 -4.649469295110782441e-01 8.053351450655633625e-01 -4.649469295110782441e-01 2.899505382066939205e+02
4.537666766579288264e+02 -7.790978782822352566e-03 0.000000000000000000e+00 -7.790978782822352566e-03 4.537584890795473598e+02 4.406662207478706076e-06 0.000000000000000000e+00 4.406662207478706076e-06 2.909323645798312441e+02
4.539236728123946705e+02 -7.394379184149268286e-03 4.406662207478706076e-06 -7.394379184149268286e-03 4.539169967191504043e+02 2.259295713774332748e-02 4.406662207478706076e-06 2.259295713774332748e-02 2.899865274169424652e+02
4.538681400552561058e+02 1.837005274431648127e-01 0.000000000000000000e+00 1.837005274431648127e-01 4.536400908793567623e+02 0.000000000000000000e+00 0.000000000000000000e+00 0.000000000000000000e+00 2.902772789893919025e+02
4.539625748263622995e+02 -7.575052334655895531e-03 -4.406662207478706076e-06 -7.575052334655895531e-03 4.539535455754992199e+02 0.000000000000000000e+00 -4.406662207478706076e-06 0.000000000000000000e+00 2.899844915390025903e+02
3.955262312597188270e+02 1.217983007761620773e-02 -1.828761513738761113e-01 1.217983007761620773e-02 3.955400476075056986e+02 1.056071212559950567e-01 -1.828761513738761113e-01 1.056071212559950567e-01 3.260639361209608751e+02
3.955263770414687770e+02 1.218453271471181196e-02 1.828056118174420375e-01 1.218453271471181196e-02 3.955402121998040457e+02 -1.055177711511785660e-01 1.828056118174420375e-01 -1.055177711511785660e-01 3.260641994686382077e+02
3.954938912244123799e+02 3.640781639417169785e-02 -2.774555886406781038e-03 3.640781639417169785e-02 3.955141548876572983e+02 -1.283819927100086650e-03 -2.774555886406781038e-03 -1.283819927100086650e-03 3.259537721443592204e+02
3.954937783611220539e+02 3.641251903126729861e-02 2.271373717177076548e-03 3.641251903126729861e-02 3.955140373217299157e+02 1.641220346366045095e-03 2.271373717177076548e-03 1.641220346366045095e-03 3.259536404705204973e+02
3.954989136408304375e+02 2.597266467902483583e-02 -6.630718304802646302e-04 2.597266467902483583e-02 3.955257139696383319e+02 1.950183603547274783e-02 -6.630718304802646302e-04 1.950183603547274783e-02 3.259780142385870931e+02
3.954987913722659414e+02 2.596325940483362391e-02 -6.630718304802646302e-04 2.596325940483362391e-02 3.955255917010738358e+02 -1.893751958400018143e-02 -6.630718304802646302e-04 -1.893751958400018143e-02 3.259779154832080508e+02
