2.984828012993961579e+02 -3.310637183234602099e-01 -8.284128350461293921e-01 -3.310637183234602099e-01 2.979893476720648664e+02 -4.483602529621284472e-01 -8.284128350461293921e-01 -4.483602529621284472e-01 1.779037395757148659e+02
2.991284786660225450e+02 7.027612688620815673e-01 1.675858044166359306e+00 7.027612688620815673e-01 2.979057841366245043e+02 -9.244075645738455416e-01 1.675858044166359306e+00 -9.244075645738455416e-01 1.759477720483301368e+02
2.988067658849033705e+02 -8.867085693888653031e-02 -1.750996041466078790e+00 -8.867085693888653031e-02 2.976495852025439035e+02 2.159264481664565846e-02 -1.750996041466078790e+00 2.159264481664565846e-02 1.767198457070536506e+02
2.986375853094338595e+02 6.495111627469088988e-01 2.458093465940319522e+00 6.495111627469088988e-01 2.982546375502795399e+02 2.459596137753069733e+00 2.458093465940319522e+00 2.459596137753069733e+00 1.761317369755057598e+02
2.982962672881536150e+02 8.473041959295906089e-01 -7.503091540807768078e-01 8.473041959295906089e-01 2.968683897530509057e+02 -4.377798570019720836e-01 -7.503091540807768078e-01 -4.377798570019720836e-01 1.776465447359753966e+02
2.594201712280906804e+02 4.455748648085466335e-01 -1.664404347247376292e-01 4.455748648085466335e-01 2.596379456493510816e+02 1.950983051853527606e-01 -1.664404347247376292e-01 1.950983051853527606e-01 2.112872274397139165e+02
2.600658903276881802e+02 7.149419176447846525e-02 -7.131972392823152651e-01 7.149419176447846525e-02 2.596853153128150780e+02 -3.063250777705954775e-01 -7.131972392823152651e-01 -3.063250777705954775e-01 2.113043356334677014e+02
2.600602142447137908e+02 2.631830850555177959e-01 6.669279928986604489e-02 2.631830850555177959e-01 2.598952551406741804e+02 -3.787315811316211978e-01 6.669279928986604489e-02 -3.787315811316211978e-01 2.114743970987560715e+02
2.604829954275199384e+02 2.215036124771732062e-01 -6.297583492950007411e-01 2.215036124771732062e-01 2.599907280789891502e+02 -8.967458677608627915e-02 -6.297583492950007411e-01 -8.967458677608627915e-02 2.113872478281002998e+02
2.599640218029231846e+02 3.618208981358266713e-02 -6.879252675305355114e-01 3.618208981358266713e-02 2.599352557718093522e+02 1.024516517648442898e-01 -6.879252675305355114e-01 1.024516517648442898e-01 2.112407794931206126e+02
2.596845440803313636e+02 -3.570665320321703140e-01 -1.473806465762517171e-02 -3.570665320321703140e-01 2.598334295707782076e+02 -4.427720930995662219e-01 -1.473806465762517171e-02 -4.427720930995662219e-01 2.112820451336345400e+02
2.603081231644827653e+02 3.366100606662897898e-01 -4.823730000816534580e-01 3.366100606662897898e-01 2.597412343705188960e+02 2.818337437766860742e-01 -4.823730000816534580e-01 2.818337437766860742e-01 2.111028276339210379e+02
2.603250244422043806e+02 -1.359579410710278768e-01 -5.920243892398686647e-01 -1.359579410710278768e-01 2.599242610062798349e+02 1.092986913760447543e-01 -5.920243892398686647e-01 1.092986913760447543e-01 2.110769960483548857e+02
2.599315359858667307e+02 -2.454494405679923941e-01 4.011490521663688691e-01 -2.454494405679923941e-01 2.600869017102313023e+02 -1.073517996184644024e-01 4.011490521663688691e-01 -1.073517996184644024e-01 2.111926856235438379e+02
2.602225351693427911e+02 4.652177799568875116e-01 -2.132175659147177160e-02 4.652177799568875116e-01 2.601867245878597146e+02 -1.567247864852182870e-01 -2.132175659147177160e-02 -1.567247864852182870e-01 2.113352131486374503e+02
