3.764265953398748366e+02 1.273745711071719855e-01 -8.149020087179997818e-01 1.273745711071719855e-01 3.765169980150612332e+02 1.459319069953063153e+00 -8.149020087179997818e-01 1.459319069953063153e+00 2.329796932966098950e+02
3.773858419758609557e+02 6.328583862648469172e-01 3.301819452157437329e+00 6.328583862648469172e-01 3.769875281855892126e+02 3.049410247575264337e-03 3.301819452157437329e+00 3.049410247575264337e-03 2.311803737973765749e+02
3.770293033433160872e+02 1.720845658642509435e-01 3.225002516556668475e+00 1.720845658642509435e-01 3.763433270508022588e+02 9.379227975641828419e-01 3.225002516556668475e+00 9.379227975641828419e-01 2.318989373569146721e+02
3.762634695182783844e+02 -1.979604863465659059e-01 -8.312771654809905097e-01 -1.979604863465659059e-01 3.766197922243750895e+02 -2.392910118567294298e+00 -8.312771654809905097e-01 -2.392910118567294298e+00 2.317279897098999584e+02
3.762986258693696300e+02 6.130195930067776633e-01 1.604249783294830367e+00 6.130195930067776633e-01 3.759229270695466312e+02 -7.676405565427906613e-03 1.604249783294830367e+00 -7.676405565427906613e-03 2.322275113110908933e+02
3.282178990977719764e+02 1.009797263539200241e-01 1.146361844795561052e-01 1.009797263539200241e-01 3.282594233833261796e+02 -1.768896943511713005e-01 1.146361844795561052e-01 -1.768896943511713005e-01 2.687033931761207555e+02
3.285042332652491268e+02 7.475782190882813982e-02 -5.447064547838940257e-02 7.475782190882813982e-02 3.283474614523930200e+02 2.717653977549963629e-01 -5.447064547838940257e-02 2.717653977549963629e-01 2.685285350209949229e+02
3.280924092268757590e+02 1.721870572555665724e-01 9.971941961229795204e-02 1.721870572555665724e-01 3.283518396075289729e+02 5.981284121899635431e-02 9.971941961229795204e-02 5.981284121899635431e-02 2.687847346899634999e+02
3.280837751851682356e+02 1.416998609647612262e-01 1.387701180541995039e-01 1.416998609647612262e-01 3.283064685648305954e+02 -2.690990025217885329e-01 1.387701180541995039e-01 -2.690990025217885329e-01 2.686236505588906311e+02
3.277144817966874371e+02 1.538608804939950447e-01 7.399599469934016460e-02 1.538608804939950447e-01 3.279490775508388083e+02 4.651331324891666563e-01 7.399599469934016460e-02 4.651331324891666563e-01 2.687640148709202208e+02
3.282653863271634123e+02 -6.569113758850224360e-02 4.285748317079355885e-01 -6.569113758850224360e-02 3.282175840210865658e+02 -7.027338717445947847e-01 4.285748317079355885e-01 -7.027338717445947847e-01 2.686646904728239633e+02
3.280203036922888487e+02 1.805342381002649627e-02 -3.934414299666728065e-01 1.805342381002649627e-02 3.279816950417339285e+02 4.662711706663029698e-01 -3.934414299666728065e-01 4.662711706663029698e-01 2.686705640665563806e+02
3.281071708047188622e+02 3.131486041963178757e-02 2.546713119124732749e-01 3.131486041963178757e-02 3.283096193316846438e+02 2.822193600185257112e-01 2.546713119124732749e-01 2.822193600185257112e-01 2.686375045277742970e+02
3.281704494894772779e+02 -3.231323027502867040e-01 -6.093300937516940019e-01 -3.231323027502867040e-01 3.278889214171118169e+02 3.973399161189290485e-01 -6.093300937516940019e-01 3.973399161189290485e-01 2.685289018266883545e+02
3.280920377185452139e+02 -2.471847136562705938e-01 4.739082533095649863e-01 -2.471847136562705938e-01 3.276094483971571663e+02 -1.967301202575275909e-01 4.739082533095649863e-01 -1.967301202575275909e-01 2.687435301837317638e+02
