4.109701989836246128e+01 1.893953979995844597e-04 -1.262149145172581978e-05 1.893953979995844597e-04 4.109733140540881635e+01 -1.505756179366654065e-05 -1.262149145172581978e-05 -1.505756179366654065e-05 1.596988500184060378e+01
5.801729563570712855e+01 4.468019107682442481e+00 -6.402333423348756547e+00 4.468019107682442481e+00 6.569295616057631548e+01 -1.005255547215808498e+01 -6.402333423348756547e+00 -1.005255547215808498e+01 1.526683947200387870e+01
9.049921732976444844e+01 1.912317945751076165e+00 8.856891625621361896e+00 1.912317945751076165e+00 8.945470989741043866e+01 2.158569743957921838e-01 8.856891625621361896e+00 2.158569743957921838e-01 6.207194568358755049e+01
3.180308011754828712e+01 -5.327408410072116851e+00 -1.800259815407848185e+00 -5.327408410072116851e+00 4.460897238734579417e+01 2.702412211673511422e+00 -1.800259815407848185e+00 2.702412211673511422e+00 -7.610868177266921997e+00
4.278679129745201237e+01 -1.087945089187708714e+00 -8.023973211669664707e+00 -1.087945089187708714e+00 4.223334915294392999e+01 4.574391590517329576e+00 -8.023973211669664707e+00 4.574391590517329576e+00 -4.477940841231166647e-01
2.188210026893082016e+01 3.130142812221703874e+00 -8.638256042994514772e+00 3.130142812221703874e+00 3.566904743169896363e+01 -8.362954707787332964e+00 -8.638256042994514772e+00 -8.362954707787332964e+00 3.029140604069716858e+00
3.014608596369099303e+01 9.972992379562861665e-01 6.083349669067145804e+00 9.972992379562861665e-01 2.314688385302968143e+01 -3.430552023784336324e+00 6.083349669067145804e+00 -3.430552023784336324e+00 2.121796125468342709e+01
7.728348556174520922e+01 -4.723059186592585945e+00 -6.715054164491184530e+00 -4.723059186592585945e+00 7.744385620754449917e+01 6.697180955299481653e+00 -6.715054164491184530e+00 6.697180955299481653e+00 4.932084627723465076e+01
2.448351956697169740e+01 1.326580616211279651e+00 -1.000014868235481025e+01 1.326580616211279651e+00 2.507219615957207282e+01 -9.026110241511505095e+00 -1.000014868235481025e+01 -9.026110241511505095e+00 5.232934742121520877e+00
4.482273836039617265e+01 -5.357467170222704134e+00 -2.908583030424559901e+00 -5.357467170222704134e+00 3.383875997811923497e+01 -9.298680120501186863e+00 -2.908583030424559901e+00 -9.298680120501186863e+00 2.844934931086055485e+01
5.122779140971706369e+01 -4.098500379243229297e+00 4.046869439691172410e+00 -4.098500379243229297e+00 6.514962001496873256e+01 1.576132130558231648e+00 4.046869439691172410e+00 1.576132130558231648e+00 3.096174252918919123e+01
2.570644466973716291e+01 2.003294711456173787e-04 -2.720173737514512100e-06 2.003294711456173516e-04 2.570677598541089282e+01 -2.667439848861947708e-06 -2.720173737514512100e-06 -2.667439848861947708e-06 1.807540292212011623e+00
3.240727464884715658e+01 4.000770341085348569e+00 8.192857030820277942e+00 4.000770341085348569e+00 4.583625604036727452e+01 7.336722443597453847e+00 8.192857030820277942e+00 7.336722443597453847e+00 2.862990832106466144e+01
1.411299040185067577e+00 3.462621485536682808e+00 -7.507037661769939696e-01 3.462621485536682808e+00 6.667941049628570482e+00 -8.580086991840865096e+00 -7.507037661769939696e-01 -8.580086991840865096e+00 2.822206235249344441e+00
1.682990938778623757e+01 7.661545463186578697e-01 7.126102597737493660e+00 7.661545463186578697e-01 2.295912995345926078e+01 -8.972744337268297343e+00 7.126102597737493660e+00 -8.972744337268297343e+00 -1.813620348194240606e+01
3.657533813469028416e+01 6.262496298521749161e-01 -2.496142535173741628e+00 6.262496298521749161e-01 2.568631067535786983e+01 -9.559098073336334878e+00 -2.496142535173741628e+00 -9.559098073336334878e+00 2.190834679464872536e+01
-7.977653652242339355e+00 3.539694772434546444e+00 9.432858745141791346e+00 3.539694772434546444e+00 -6.512478878999965026e+00 4.184652623981388153e+00 9.432858745141791346e+00 4.184652623981388153e+00 -1.509238850980188218e+01
1.627147447823288928e+01 3.917389687970283862e+00 -9.800964478446669403e+00 3.917389687970283862e+00 3.337588846445051871e+01 -7.627974786569414967e+00 -9.800964478446669403e+00 -7.627974786569414967e+00 -4.506334541917821568e+00
1.334765860550208494e+01 2.954300684217638362e-01 -5.096056263963240518e+00 2.954300684217638362e-01 8.670515333955741699e-01 -4.505990445972276603e+00 -5.096056263963240518e+00 -4.505990445972276603e+00 -2.360859684254848645e+01
2.195502896925202307e+01 9.392956018943958707e-01 -6.048020300951374217e+00 9.392956018943958707e-01 2.221937992507838544e+01 3.267745032588716292e+00 -6.048020300951374217e+00 3.267745032588716292e+00 2.881028286059819532e+00
3.059964479982549435e+01 -6.086451356915803856e+00 4.010141301276123116e+00 -6.086451356915803856e+00 3.514307512846976778e+01 1.662588286752469058e+00 4.010141301276123116e+00 1.662588286752469058e+00 -5.026624347318436214e+00
4.407319417144682205e+01 4.530220768041195001e+00 -7.559896834120321429e+00 4.530220768041195001e+00 3.482743954841826906e+01 3.953227816831835550e+00 -7.559896834120321429e+00 3.953227816831835550e+00 2.932198123505585841e+01
1.128567667679599751e+01 2.063996574049498545e-04 -2.791282814645177778e-06 2.063996574049498545e-04 1.128601538551154704e+01 -2.740648627174812317e-06 -2.791282814645177778e-06 -2.740648627174811893e-06 -1.129408350991868204e+01
1.378669092711010968e+01 -1.468779889610973610e+00 -2.108640704341296246e+00 -1.468779889610973610e+00 1.926037757387811666e+01 -7.142588754368993875e+00 -2.108640704341296246e+00 -7.142588754368993875e+00 8.308524840355522301e+00
1.215812930566760386e+01 2.328344983475279850e+00 -8.406178448281538707e+00 2.328344983475279850e+00 2.793489909253839443e+01 -1.245257255736206936e+00 -8.406178448281538707e+00 -1.245257255736206936e+00 -8.515261968643509150e+00
-1.628657493094435083e+01 -2.982634700265519800e+00 5.418434527391571720e+00 -2.982634700265519800e+00 -1.692594656212828852e+01 1.545243905314349853e+00 5.418434527391571720e+00 1.545243905314349853e+00 -1.789821005887297645e+01
-2.202600038669874305e+00 -2.366571740407264812e+00 -6.110074927200311201e+00 -2.366571740407264812e+00 1.012134868364770313e+01 5.851754365661496315e+00 -6.110074927200311201e+00 5.851754365661496315e+00 2.017558161622670376e-01
-1.316359097596558669e+01 -1.084204112643035067e+00 1.031218656358502805e+01 -1.084204112643035067e+00 -6.834665709093059149e+00 6.482770242806971339e+00 1.031218656358502805e+01 6.482770242806971339e+00 -3.212636663785204405e+01
7.104366554378056975e+00 4.400163739127208734e-02 -8.466579555006655156e+00 4.400163739127208734e-02 1.197927324483633704e+01 2.303142738890690211e+00 -8.466579555006655156e+00 2.303142738890690211e+00 9.306916196380905504e+00
5.003525990569769277e+01 4.515078865470151470e+00 9.300648893785480098e+00 4.515078865470151470e+00 5.207584735856539737e+01 -5.006797093292134626e+00 9.300648893785480098e+00 -5.006797093292134626e+00 2.068540423254286864e+01
-2.439507377313069991e+00 -3.627183194189678606e+00 2.119227789525938377e+00 -3.627183194189678606e+00 6.469698935301310350e+00 -1.407206686214181879e+00 2.119227789525938377e+00 -1.407206686214181879e+00 -1.845011696458773542e+01
2.042089893877662377e+01 1.946503859229269384e+00 -1.040475132819928428e+00 1.946503859229269384e+00 2.167260878445380179e+00 7.807700082324736890e+00 -1.040475132819928428e+00 7.807700082324736890e+00 -2.183701300862259842e+01
-5.191107915057469491e+00 -3.376644807471093745e+00 1.617853772102465726e+00 -3.376644807471093745e+00 -1.310351197788749644e+01 6.372121103671496423e-01 1.617853772102465726e+00 6.372121103671496423e-01 -3.542542677897125003e+01
