3.505665785014666653e+02 3.945725340576432955e-02 -1.635466578372609447e+00 3.945725340576432955e-02 3.509037762935828937e+02 9.816368866623714773e-01 -1.635466578372609447e+00 9.816368866623714773e-01 2.142698031695148302e+02
3.507985980800148127e+02 -8.284524950059966864e-02 1.629962657275468629e+00 -8.284524950059966864e-02 3.504193739504257792e+02 3.861558092413590326e-02 1.629962657275468629e+00 3.861558092413590326e-02 2.129989526355134331e+02
3.513746942503851187e+02 -6.486430502920356167e-01 -8.796138432348244995e-01 -6.486430502920356167e-01 3.500016928797521132e+02 -4.752585190765784562e-01 -8.796138432348244995e-01 -4.752585190765784562e-01 2.137854096396821717e+02
3.505053875900536013e+02 -3.388062238220003186e-01 -1.648201832152222934e+00 -3.388062238220003186e-01 3.503238727670653248e+02 9.440965313168604434e-01 -1.648201832152222934e+00 9.440965313168604434e-01 2.135396456817088620e+02
3.511851460821926025e+02 5.012622327629102648e-01 2.464262793030789656e+00 5.012622327629102648e-01 3.505526798888642475e+02 4.767744108759510713e-01 2.464262793030789656e+00 4.767744108759510713e-01 2.120667364655079439e+02
3.057573989335995179e+02 -1.613380734760065105e-01 -1.083487586827325960e-01 -1.613380734760065105e-01 3.056155815067073718e+02 -2.767454904392417925e-01 -1.083487586827325960e-01 -2.767454904392417925e-01 2.495446521378691500e+02
3.053932878511981244e+02 -1.692196932482400162e-01 6.311550325123954641e-01 -1.692196932482400162e-01 3.050250149349671460e+02 -2.934774732254033514e-01 6.311550325123954641e-01 -2.934774732254033514e-01 2.495402457669105729e+02
3.057313698372753947e+02 3.673229835376841668e-01 3.630482864177794755e-01 3.673229835376841668e-01 3.053380459732360919e+02 -1.958554297577451142e-01 3.630482864177794755e-01 -1.958554297577451142e-01 2.495805191509973326e+02
3.056179610410777627e+02 7.500706167489518128e-02 -8.575258743835195707e-02 7.500706167489518128e-02 3.057117739484979779e+02 1.112502857707207138e-01 -8.575258743835195707e-02 1.112502857707207138e-01 2.490923572046510230e+02
3.057392373491363173e+02 4.034627496174064132e-01 5.006568531093645857e-01 4.034627496174064132e-01 3.051999201164639430e+02 -2.130576762534671653e-01 5.006568531093645857e-01 -2.130576762534671653e-01 2.496771536406749021e+02
3.054722075069365701e+02 3.853764073477107255e-01 -2.893250446699844325e-01 3.853764073477107255e-01 3.052171129576855151e+02 -1.459698554475703271e-02 -2.893250446699844325e-01 -1.459698554475703271e-02 2.497463482428996429e+02
3.054452708016529527e+02 -4.870991503627362940e-02 -6.128476662992062840e-01 -4.870991503627362940e-02 3.048608787924192711e+02 -1.661441685877145247e-01 -6.128476662992062840e-01 -1.661441685877145247e-01 2.494032720562268821e+02
3.051901010102083092e+02 8.372575085014632990e-02 4.630310537074313615e-01 8.372575085014632990e-02 3.059277331518394476e+02 -3.554958512422383143e-01 4.630310537074313615e-01 -3.554958512422383143e-01 2.497883474948005187e+02
3.053654435369550697e+02 -9.493213504897235477e-02 3.417876641085506040e-01 -9.493213504897235477e-02 3.058108114857313922e+02 -4.915290345067959143e-01 3.417876641085506040e-01 -4.915290345067959143e-01 2.496181496530363688e+02
3.050835721720816309e+02 1.575242347914710961e-01 -6.056620368171222735e-01 1.575242347914710961e-01 3.055803493495870953e+02 1.350080083777157325e-01 -6.056620368171222735e-01 1.350080083777157325e-01 2.495796444604975761e+02
