6.933037121855382345e+00 -1.101548066550173561e-06 -1.101548584462371158e-06 -1.101548066550173349e-06 6.933042629595878026e+00 -2.423405887414759410e-05 -1.101548584462370946e-06 -2.423405887414759410e-05 6.933061355914721169e+00
2.800776094123823334e+00 -2.713919408139284339e+00 2.163250723609415616e+00 -2.713919408139284339e+00 2.163509056996086244e+01 3.989662401076710552e+00 2.163250723609415616e+00 3.989662401076710552e+00 1.877442234326634463e+01
-3.655437895052244368e+00 -1.857787628830144921e+00 -2.750582477960039074e-01 -1.857787628830144921e+00 -3.770353879047978918e+00 -4.439263738863055586e+00 -2.750582477960039074e-01 -4.439263738863055586e+00 8.142904236571917309e+00
4.156541765789503629e+00 -1.383402253618660094e+00 3.949941194958014101e+00 -1.383402253618660094e+00 1.218004795106733162e+01 2.325507351769802611e+00 3.949941194958014101e+00 2.325507351769802611e+00 -1.427902994033007245e+00
-2.794945656265211742e+00 3.307334070749197608e+00 -1.507885393075253821e+00 3.307334070749197608e+00 2.228226653479828734e+00 1.860762401563996971e+00 -1.507885393075253821e+00 1.860762401563996971e+00 9.409790898152531113e+00
2.483255233849500865e+00 1.528398096744618018e+00 2.962418891769082574e+00 1.528398096744618018e+00 1.062059872631369650e+01 -3.442889702216375358e+00 2.962418891769082574e+00 -3.442889702216375358e+00 1.216784493990559213e+00
2.231114188703495671e+01 -5.587927520355002287e+00 1.434152963714968809e+00 -5.587927520355002287e+00 1.834147624145771971e+01 4.220850444637612497e+00 1.434152963714968809e+00 4.220850444637612497e+00 6.411168508594917270e+00
9.866828164095869269e+00 2.746107053978337764e-01 2.771876459464122089e+00 2.746107053978337764e-01 -6.844779204563864461e-01 6.979071552794842148e-01 2.771876459464122089e+00 6.979071552794842148e-01 1.605834527012917690e+01
2.667786457405736300e+01 -5.670515819881935649e+00 4.139380998649997423e+00 -5.670515819881935649e+00 2.934716233237171679e+01 1.386641525413999210e+00 4.139380998649997423e+00 1.386641525413999210e+00 2.854299363326667205e+01
4.532339806902964674e-01 3.133230177804067207e+00 -2.875230336495334438e+00 3.133230177804067207e+00 7.284834675361931744e+00 4.340191758110143461e+00 -2.875230336495334438e+00 4.340191758110143461e+00 8.046641028691109199e+00
1.323108917573258836e+01 -4.410862953768271311e+00 4.190356669248190613e+00 -4.410862953768271311e+00 3.563274796858476368e+00 -1.548471842481467277e-02 4.190356669248190613e+00 -1.548471842481467277e-02 1.054731050671155757e+01
-3.770073100849892223e-01 1.135266713858405354e-05 -1.929953437363822377e-05 1.135266713858405354e-05 -3.769891458191120259e-01 -2.838166687478601227e-05 -1.929953437363822377e-05 -2.838166687478601565e-05 -3.769789284176950916e-01
-5.355397185176525632e+00 4.187782431486867907e+00 1.316249817883561990e+00 4.187782431486867907e+00 -6.098462319377428109e+00 2.814712969918808483e+00 1.316249817883561990e+00 2.814712969918808483e+00 3.107774193301141352e+00
-1.492389905009869189e+01 -9.642053580702847349e-02 2.455954552617311215e+00 -9.642053580702847349e-02 -1.478435681391022882e+01 2.641017046304512839e+00 2.455954552617311215e+00 2.641017046304512839e+00 -1.582490954713305520e+01
1.330885283518239426e+00 2.704585921803946302e+00 5.159460037763901497e+00 2.704585921803946302e+00 -1.251975101096141429e+01 8.745285407283279744e-01 5.159460037763901497e+00 8.745285407283279744e-01 -3.238453060769267644e+00
-8.839457600812886895e+00 -3.575372659871859593e+00 -9.538022655949839335e-01 -3.575372659871859593e+00 5.037644954156482946e+00 4.666711835793777574e+00 -9.538022655949839335e-01 4.666711835793777574e+00 1.032381989734103911e+01
1.402106336146433208e+01 4.053569775562891664e+00 -7.201636332681405905e-01 4.053569775562891664e+00 1.652737407374531842e-01 1.380662592005063916e+00 -7.201636332681405905e-01 1.380662592005063916e+00 2.960602183688893607e+00
-5.322250674869552611e+00 -3.584201402672693604e+00 6.354506428083218916e-02 -3.584201402672693604e+00 -1.219079188102206324e+01 3.401436814030609490e+00 6.354506428083218916e-02 3.401436814030609490e+00 5.643058255459336259e+00
4.518952411769491917e+00 -4.282954574311406581e+00 3.466719526739307167e+00 -4.282954574311406581e+00 5.990951850448503535e+00 3.508753999494282905e+00 3.466719526739307167e+00 3.508753999494282905e+00 7.723262625193255682e-01
1.424986591584769968e+01 -4.828857437157267896e+00 -2.219942725404313144e+00 -4.828857437157267896e+00 8.405772127395477744e-01 1.075487252319197173e-01 -2.219942725404313144e+00 1.075487252319197173e-01 9.181306327414924695e+00
1.742648875216224802e+00 1.348816855848330665e+00 4.408896986192755385e+00 1.348816855848330665e+00 -4.179994784321658052e+00 4.250701763060741101e+00 4.408896986192755385e+00 4.250701763060741101e+00 -1.318648377930558557e-01
-1.095952386425516778e+01 4.219456408007339121e+00 3.165265001839061121e+00 4.219456408007339121e+00 -5.865619002203970034e+00 -3.853576313647111728e+00 3.165265001839061121e+00 -3.853576313647111728e+00 9.570923875571940798e+00
-7.106239255154930490e+00 -1.169666534581164829e-05 5.497432204170746864e-05 -1.169666534581164829e-05 -7.106319962135894563e+00 3.742932449846445253e-05 5.497432204170746864e-05 3.742932449846446608e-05 -7.106231067490342390e+00
-1.097612422161303947e+01 3.290356232029376105e-01 -4.562719643504372868e+00 3.290356232029376105e-01 -1.257832529961364720e+01 -4.096352061882369888e+00 -4.562719643504372868e+00 -4.096352061882369888e+00 -6.998246089247226465e-01
-1.475949744145616194e+01 -3.027510927320720135e+00 3.109517170266185904e+00 -3.027510927320720135e+00 -1.085677394155539588e+01 -1.399016387129570216e+00 3.109517170266185904e+00 -1.399016387129570216e+00 -1.459729717485267741e+01
-2.152203212815982525e+01 -9.888600055589757964e-02 -6.157110078013121601e-01 -9.888600055589757964e-02 -2.045382244991984422e+01 -1.590442695135578122e+00 -6.157110078013121601e-01 -1.590442695135578122e+00 -7.122534559953488831e+00
4.802312961480346143e-01 3.127542740716185765e+00 -5.249813302845906193e+00 3.127542740716185765e+00 -3.174648039807297373e+00 3.323726173926614957e-01 -5.249813302845906193e+00 3.323726173926614957e-01 2.437149166086040708e+00
-1.805174225853288306e+01 -4.082530656522046719e+00 -4.592960149726038388e+00 -4.082530656522046719e+00 -1.708901125427385992e+01 -1.688971018485710074e+00 -4.592960149726038388e+00 -1.688971018485710074e+00 -2.119581876773320772e+01
-1.358085940574248163e+01 2.495926384208086546e+00 -3.581294055743698301e+00 2.495926384208086546e+00 -6.795760555842462303e+00 -3.773996431915120020e+00 -3.581294055743698301e+00 -3.773996431915120020e+00 -1.681616758881538232e+01
-6.489489410204095421e+00 -7.754941601611369251e-01 5.323020304787669243e-02 -7.754941601611369251e-01 -1.030325841425793953e+01 4.074933944381469608e+00 5.323020304787669243e-02 4.074933944381469608e+00 -1.798119962966914187e+01
-1.049842425943987045e+01 1.907440044804868062e+00 -1.797326874081576209e+00 1.907440044804868062e+00 2.206173964713697089e+00 -2.077635725406504541e+00 -1.797326874081576209e+00 -2.077635725406504541e+00 -1.390779224506471756e+01
-1.703552204447742113e+01 -3.991182878424780700e+00 8.709373636391153362e-01 -3.991182878424780700e+00 -3.807832370579879555e+00 -1.627411027530853538e+00 8.709373636391153362e-01 -1.627411027530853538e+00 -1.450653081816015799e+01
-1.456685431606969061e+01 -6.200185603961681780e-02 3.378175076718792358e+00 -6.200185603961681780e-02 -9.873200659335394036e+00 -8.442364504105631662e-01 3.378175076718792358e+00 -8.442364504105631662e-01 -6.975653298078916542e-01
6.190044927647009310e+00 6.992465915818324132e-06 -6.992463286910122909e-06 6.992465915818324132e-06 6.190068702026482406e+00 -1.398492933103931876e-05 -6.992463286910123756e-06 -1.398492933103931707e-05 6.190095273399021991e+00
-2.459404363835692386e+00 5.234071931301490510e-01 5.484218522447148469e-01 5.234071931301490510e-01 -4.256355167416337792e+00 9.800990439100304430e-02 5.484218522447148469e-01 9.800990439100304430e-02 8.366925436339883504e+00
2.195279853289696437e+00 8.130496634280905965e-01 1.241563648281492460e+00 8.130496634280905965e-01 5.055982182225658761e+00 -7.174395986456197916e-01 1.241563648281492460e+00 -7.174395986456197916e-01 2.761241452759994441e+00
5.285973507714735398e+00 -6.943946509297754810e-02 -8.781960238335975166e-01 -6.943946509297754810e-02 1.322670191228328740e+01 -2.445930180811791033e+00 -8.781960238335975166e-01 -2.445930180811791033e+00 5.896293942727869997e+00
4.028807182040847756e+00 -4.247414470730591085e-01 3.625830088774856796e-01 -4.247414470730591085e-01 4.003368615916957474e+00 4.935293213452008471e-02 3.625830088774856796e-01 4.935293213452008471e-02 1.486987518471001302e+01
3.813836954136002877e+00 1.916244333940299915e+00 2.028955367652920838e+00 1.916244333940299915e+00 1.153732562117246729e+01 -2.672815859049297860e+00 2.028955367652920838e+00 -2.672815859049297860e+00 -1.981084000892822328e+00
-5.050843214875131437e+00 -1.874681412030514416e+00 -7.537802643667849134e-01 -1.874681412030514416e+00 -1.816813429907936817e+00 -1.993907236238576353e+00 -7.537802643667849134e-01 -1.993907236238576353e+00 -8.009890611966572038e+00
2.305853792715268913e+00 -2.042707737333608886e+00 -4.331792118914225553e-01 -2.042707737333608886e+00 1.446762947641633446e+01 -3.692457277050355202e+00 -4.331792118914225553e-01 -3.692457277050355202e+00 6.892963184239605745e+00
1.974190600003703056e+00 -4.047713375616348586e+00 -2.743422421617882634e+00 -4.047713375616348586e+00 6.643720242296036638e+00 -2.556915600464020333e-01 -2.743422421617882634e+00 -2.556915600464020333e-01 1.768202760578814203e-01
-4.149741143339992000e+00 2.724880999739452303e+00 1.531785473806610343e+00 2.724880999739452303e+00 1.733678585787276280e-02 -1.972947874553333314e+00 1.531785473806610343e+00 -1.972947874553333314e+00 2.911415580827800387e+00
-2.613858895816232319e+00 -1.793419657258217059e+00 -1.757556038213208049e+00 -1.793419657258217059e+00 3.057637545792580624e+00 -2.239052972810027242e+00 -1.757556038213208049e+00 -2.239052972810027242e+00 -3.354586575448835983e+00
-3.929649910074484720e-01 1.153040975048646179e-05 1.585431183149814454e-05 1.153040975048646179e-05 -3.929707562173177515e-01 5.765202341449667984e-06 1.585431183149814454e-05 5.765202341449667984e-06 -3.929750801220569523e-01
-9.221304301912917722e+00 3.170348489233932865e-01 -9.831099752690436455e-01 3.170348489233932865e-01 -9.246775041346289470e+00 1.703977326377823232e-01 -9.831099752690436455e-01 1.703977326377823232e-01 -3.319820965836464688e-01
1.026749585840413814e-01 1.046467508098928266e-02 1.679102079908050341e-02 1.046467508098928266e-02 -1.838642552561090771e+00 -9.115923376174858705e-02 1.679102079908050341e-02 -9.115923376174858705e-02 4.978660814444742400e+00
-9.423558204361173196e-01 -2.021823304787432107e+00 -3.664063330435765042e-01 -2.021823304787432107e+00 -2.086209291201751803e+00 5.199573459030042422e-01 -3.664063330435765042e-01 5.199573459030042422e-01 -7.425906538446066740e+00
1.229221917507129502e+00 1.806403378345545985e+00 4.818750425099923435e-02 1.806403378345545985e+00 -2.139696797692618890e+00 6.816624684843580750e-01 4.818750425099923435e-02 6.816624684843580750e-01 -7.127914664422234647e-01
1.178237012147691409e+01 1.667643328479011533e+00 1.482269437822497427e+00 1.667643328479011533e+00 1.203099554147595107e+01 -2.135593385468274319e-01 1.482269437822497427e+00 -2.135593385468274319e-01 1.056775924277728862e+01
-1.344404588211798979e+00 5.547215338742270130e-02 -6.035604351955633495e-01 5.547215338742270130e-02 -3.963821534551028147e+00 -7.016021423843237237e-01 -6.035604351955633495e-01 -7.016021423843237237e-01 -2.375027386895844028e+00
4.616067852272686192e-03 -1.756380722540193062e+00 -6.374663078685899320e-01 -1.756380722540193062e+00 -7.580662606352325916e+00 2.835930496240903320e+00 -6.374663078685899320e-01 2.835930496240903320e+00 9.328065882717229584e+00
7.737402833809182923e+00 1.057933430993307722e+00 5.183923149395781582e-01 1.057933430993307722e+00 5.715302152178899142e+00 -3.545226198922429850e-01 5.183923149395781582e-01 -3.545226198922429850e-01 1.311353089809438721e+01
-3.065595163692419245e+00 -6.883521219113150069e-01 1.004859835631309872e+00 -6.883521219113150069e-01 -4.610278845327496100e+00 1.496207265672711673e+00 1.004859835631309872e+00 1.496207265672711673e+00 6.243339650063485458e+00
-1.570271650492939663e+01 1.320297250837671577e+00 -6.134448736870253827e-01 1.320297250837671577e+00 -1.567235423154681051e+01 3.124157530024979645e-01 -6.134448736870253827e-01 3.124157530024979645e-01 -1.626743170778023639e+01
-6.464818006231928038e+00 4.306424664792539073e-05 3.415439850001296168e-05 4.306424664792539073e-05 -6.464838795885521350e+00 8.909837720479857131e-06 3.415439850001296846e-05 8.909837720479857131e-06 -6.464855130598938793e+00
-1.088575669639654642e+01 2.507705858190264703e+00 5.107021266444708996e-01 2.507705858190264703e+00 -1.566824020300513176e+01 1.698792386429575307e+00 5.107021266444708996e-01 1.698792386429575307e+00 -1.612512933738941712e+01
-3.608967596902251440e+00 1.612129621005652658e-01 1.568414104656023766e-01 1.612129621005652658e-01 -7.795966229306251272e+00 7.262120197969031965e-01 1.568414104656023766e-01 7.262120197969031965e-01 -4.510459496725395923e+00
-4.765113010204522048e+00 1.706941033200285895e+00 4.261097552721649917e-01 1.706941033200285895e+00 -4.588130280683081708e+00 -1.083164953582831602e+00 4.261097552721649917e-01 -1.083164953582831602e+00 -5.589471481286763854e+00
2.772678204839494231e+00 3.196686193543527565e+00 2.972565186789609015e+00 3.196686193543527565e+00 -9.679235361343545563e+00 3.875711093007724095e+00 2.972565186789609015e+00 3.875711093007724095e+00 6.073401061036061144e-01
-1.457144640128499091e+01 3.374971562971212702e+00 2.463496810408921434e+00 3.374971562971212702e+00 -1.520416567865805391e+01 6.144011700898025508e-01 2.463496810408921434e+00 6.144011700898025508e-01 -8.115587806953463712e+00
1.964464550762734518e+00 7.262939754411839033e-01 -4.251992301153623144e-01 7.262939754411839033e-01 9.341209546466746616e+00 -2.521198834006091793e+00 -4.251992301153623144e-01 -2.521198834006091793e+00 6.967739087022282618e+00
-7.111854004583586519e-01 -8.963398173624656518e-02 -2.986574238526063518e-01 -8.963398173624656518e-02 4.986240796978963274e+00 -2.483425484054858856e+00 -2.986574238526063518e-01 -2.483425484054858856e+00 -1.285223300628842158e-01
-1.771848820597467622e+01 6.636269644735515172e-01 5.542905689486957721e-01 6.636269644735515172e-01 -1.425350311078392984e+01 -2.034056227089347857e+00 5.542905689486957721e-01 -2.034056227089347857e+00 -6.987296857944653716e+00
-1.008837850105256528e+01 1.484452557412747842e+00 -3.632719291405970830e-01 1.484452557412747842e+00 -3.248822395701064458e+00 -2.777509892610489750e+00 -3.632719291405970830e-01 -2.777509892610489750e+00 -7.714708432105772395e+00
-8.485642902649010111e+00 -5.528885726411231216e-01 -1.234083684769859746e+00 -5.528885726411231216e-01 -9.286196161077908684e+00 -2.157218621872091513e-01 -1.234083684769859746e+00 -2.157218621872091513e-01 -1.078292385536213871e+01
