3.033269870332713225e+00 -5.875549170244415094e-05 0.000000000000000000e+00 -5.875549170244416449e-05 3.033203279361769145e+00 0.000000000000000000e+00 0.000000000000000000e+00 0.000000000000000000e+00 -5.389933466469856604e+00
-6.669006715762785475e+00 -1.881912858779339670e+00 -2.036664515788024321e+00 -1.881912858779339670e+00 -1.468876027482089874e+01 -6.770889111633847435e+00 -2.036664515788024321e+00 -6.770889111633847435e+00 -1.656545017825938659e+00
-1.099123105798072508e+01 3.979339581784773205e+00 1.512534252878472651e+00 3.979339581784773205e+00 -4.154655040931228172e+00 7.952947459839153632e-01 1.512534252878472651e+00 7.952947459839153632e-01 -5.637633086285203099e+00
-1.693080403082564800e+01 -1.885659950231537652e+00 4.913309210801211968e+00 -1.885659950231537652e+00 -8.650691407661160071e+00 -5.819977751960874190e-01 4.913309210801211968e+00 -5.819977751960874190e-01 -2.163982245691409645e+01
1.507882199105486265e+01 -8.709329108708621092e+00 6.181931446580807510e+00 -8.709329108708621092e+00 -8.745191326562368417e+00 -7.925799257505987683e+00 6.181931446580807510e+00 -7.925799257505987683e+00 -1.103684023081496690e+01
3.907574930414368453e+01 7.971078260662995962e-01 1.126215908280882694e+00 7.971078260662995962e-01 3.992246774615617255e+01 -1.202877359522474165e+01 1.126215908280882694e+00 -1.202877359522474165e+01 1.191420617562364193e+01
1.804077629872292476e+01 -1.636650391907237267e+00 7.025475554612661711e+00 -1.636650391907237267e+00 -1.436249857789671225e+01 2.501248674347443135e+00 7.025475554612661711e+00 2.501248674347443135e+00 -1.656148837376882454e+01
1.409693534439434259e+01 -2.459708639585151957e+00 6.263500921377319841e+00 -2.459708639585151957e+00 3.910550027406717088e+00 -2.662150771959598483e+00 6.263500921377319841e+00 -2.662150771959598483e+00 1.857514974704730149e+00
-2.232736849567204374e+01 -1.608395023273432756e+00 2.446248473105323118e+00 -1.608395023273432756e+00 5.089867388841973650e+00 -7.009840916423341284e+00 2.446248473105323118e+00 -7.009840916423341284e+00 -1.338427862590410022e+01
-1.033144888082246471e+00 2.213606112196791376e+00 4.742545686422134033e+00 2.213606112196791376e+00 3.278535259418339365e+01 1.019925728162992407e+01 4.742545686422134033e+00 1.019925728162992407e+01 1.310049530685386010e+01
-1.853506986391332134e+01 6.660685851926579026e+00 6.736051488201764137e+00 6.660685851926579026e+00 -3.480585312862298775e+00 3.963518959286256749e+00 6.736051488201764137e+00 3.963518959286256749e+00 -1.919319329497566073e+01
-6.473033083627793838e-01 2.090064106220426997e-05 -1.934955777109174985e-11 2.090064106220426658e-05 -6.472803176569463801e-01 -5.584341243266353679e-11 -1.934955777109175631e-11 -5.584341243266360788e-11 -7.677223526508207829e-01
-2.352076345240450550e+01 -4.846659433387286775e+00 1.435356108422909838e+00 -4.846659433387286775e+00 -1.344179197348253751e+01 -6.628563732684565224e+00 1.435356108422909838e+00 -6.628563732684565224e+00 -2.003029068722528905e+01
-1.237702744018179324e+01 3.892678337944450728e+00 1.192304774124174793e+00 3.892678337944450728e+00 -8.576064854093047529e+00 5.387409636841947957e+00 1.192304774124174793e+00 5.387409636841947957e+00 -1.940402906481830669e+01
-9.465418826311116973e+00 3.617568146983140664e+00 -5.452609214043799390e+00 3.617568146983140664e+00 1.815117398180984765e+01 5.229325874228940130e+00 -5.452609214043799390e+00 5.229325874228940130e+00 2.213291441561849737e+01
2.713962864873415270e+01 -2.063595507920646943e-01 -7.578790492926592570e+00 -2.063595507920646943e-01 2.615973060748083157e+01 -6.063643594586277885e+00 -7.578790492926592570e+00 -6.063643594586277885e+00 -1.100375709034311811e+00
6.645759832814637669e+00 -5.913204699653494600e+00 3.314489681990960612e+00 -5.913204699653494600e+00 -2.344059112640602649e+01 2.963365809256304662e+00 3.314489681990960612e+00 2.963365809256304662e+00 4.584604275219684943e+00
-5.781749728241355690e+00 2.781337498728827295e+00 5.198266471690680568e+00 2.781337498728827295e+00 2.565958332253650909e+01 -8.289230310107564392e+00 5.198266471690680568e+00 -8.289230310107564392e+00 -1.001346066487517383e+01
2.456507548279625297e+01 -9.302697986631910609e+00 -3.649659002011320208e+00 -9.302697986631910609e+00 3.322870551237691927e+01 -4.203339572042191108e+00 -3.649659002011320208e+00 -4.203339572042191108e+00 7.239478516825233356e+00
-1.031373658278017302e+01 9.623122920010107606e+00 -4.292069090424611488e+00 9.623122920010107606e+00 2.162296031722469891e+01 7.360081438530587050e+00 -4.292069090424611488e+00 7.360081438530587050e+00 -1.421827732347631290e+01
2.048817489069699960e+01 3.013895940472456125e+00 4.948174264803439470e+00 3.013895940472456125e+00 7.938872145519950685e+00 -7.089351163297145320e+00 4.948174264803439470e+00 -7.089351163297145320e+00 2.204993857061801066e+01
3.101176344060084134e+01 9.911419194215550732e+00 -8.031259714904527058e+00 9.911419194215550732e+00 2.547141654791505161e+01 -6.562113637104338260e+00 -8.031259714904527058e+00 -6.562113637104338260e+00 -7.537974553172067438e+00
