5.140847182129964388e+00 2.834702887251359371e-05 6.028822956358744326e-07 2.834702887251360048e-05 5.140876152334567628e+00 2.166902026599509060e-06 6.028822956358743267e-07 2.166902026599508213e-06 2.004654702514107711e+00
2.082987429764203480e+00 -1.886208935043368895e-01 -1.012383326311639520e+00 -1.886208935043368895e-01 1.635144544341873285e+00 -1.252943546557817367e+00 -1.012383326311639520e+00 -1.252943546557817367e+00 7.201690192227880871e-01
3.602249581006904844e+00 -5.993473902074999415e-01 -9.578698793371656084e-01 -5.993473902074999415e-01 1.716846325695577047e+00 8.056137840593244892e-01 -9.578698793371656084e-01 8.056137840593244892e-01 -6.690334489052472688e-02
4.065250976241148173e+00 4.695941539696013578e-02 5.471869731344387588e-01 4.695941539696013578e-02 6.885699510449861727e+00 1.230783072805532452e+00 5.471869731344387588e-01 1.230783072805532452e+00 4.034953240584036038e+00
3.405116051815444411e+00 -2.531458594181866251e-01 1.373680334511226953e-01 -2.531458594181866251e-01 3.095459425754381932e+00 1.169686964944889329e+00 1.373680334511226953e-01 1.169686964944889329e+00 -3.911789604510521601e-01
4.003330205196315106e+00 -8.350349832203743938e-01 1.036069659380478791e+00 -8.350349832203743938e-01 6.370645614071487550e+00 -4.558896344430755643e-01 1.036069659380478791e+00 -4.558896344430755643e-01 -1.069754180327731896e-01
7.458255847432613272e+00 2.480012390745282014e-01 -4.801111497635257019e-01 2.480012390745282014e-01 7.963468919078082742e+00 1.775616041391525624e-01 -4.801111497635257019e-01 1.775616041391525624e-01 2.992154874378980534e-01
7.822507694960560976e+00 4.386060168563794548e-01 -1.233591621328436361e+00 4.386060168563794548e-01 5.307149033664008364e+00 5.446444331843727227e-01 -1.233591621328436361e+00 5.446444331843727227e-01 3.762832919871108572e+00
8.204929637927861563e+00 -6.446818813394080694e-01 -6.763623851305100576e-01 -6.446818813394080694e-01 7.733169211919485697e+00 -1.625161329529779541e-01 -6.763623851305100576e-01 -1.625161329529779541e-01 4.748540609011558722e+00
1.037979511266356125e+00 3.966688641967460183e-01 7.902299443468625562e-01 3.966688641967460183e-01 7.074162277345396044e-01 1.005406356383897082e+00 7.902299443468625562e-01 1.005406356383897082e+00 -1.831273515064196777e+00
1.817650894234332348e+00 -6.581320452596303716e-02 1.223163048195854641e+00 -6.581320452596303716e-02 7.263597342894099196e-01 1.198873162285060356e+00 1.223163048195854641e+00 1.198873162285060356e+00 -9.330337268877793022e-01
5.881913396191625232e+00 -1.350328984489141959e-01 -1.561698341989789240e-01 -1.350328984489141959e-01 6.020138537538838541e+00 -9.051865509839913948e-02 -1.561698341989789240e-01 -9.051865509839913948e-02 1.390128859986643484e+00
4.164892087026847101e+00 -3.887026941213364006e-01 -5.750654127908103735e-02 -3.887026941213364006e-01 7.352946426975816685e+00 -8.900987295506634922e-01 -5.750654127908103735e-02 -8.900987295506634922e-01 1.330770166543792543e+00
5.786044928771420182e+00 7.904714327851147804e-01 9.000188552228156613e-01 7.904714327851147804e-01 4.721942229271586910e+00 3.252304473899401138e-01 9.000188552228156613e-01 3.252304473899401138e-01 5.168203128079124298e+00
4.810751845874328581e+00 -4.879632127667531405e-01 -4.187416451142615959e-01 -4.879632127667531405e-01 6.670656959664238883e+00 2.783121146173752822e-02 -4.187416451142615959e-01 2.783121146173752822e-02 2.088961193219968315e+00
2.820892121365819794e+00 -1.393590182344285333e-01 1.864816026205036448e-02 -1.393590182344285333e-01 4.534659071055330060e+00 -4.460272666936685067e-03 1.864816026205036448e-02 -4.460272666936685067e-03 4.754505083945407828e-01
4.745852459358421704e+00 5.536214541021575730e-01 7.593341228909300522e-01 5.536214541021575730e-01 7.021723082624358625e+00 1.093354060427580210e+00 7.593341228909300522e-01 1.093354060427580210e+00 4.677366819232503303e+00
5.389870399759109532e+00 -9.200095735793404339e-01 -7.069032763101834593e-01 -9.200095735793404339e-01 3.893181616687138913e+00 -7.945527970091874614e-01 -7.069032763101834593e-01 -7.945527970091874614e-01 5.176149794362157941e+00
2.598496943891697164e+00 -4.180149675297429868e-01 -2.290897051131038364e-01 -4.180149675297429868e-01 4.804480738150878061e+00 1.198278933593649231e+00 -2.290897051131038364e-01 1.198278933593649231e+00 -1.257449429837318444e+00
9.656106064873684502e+00 4.335183321901932979e-02 1.185558456815633432e+00 4.335183321901932979e-02 9.361928694320550193e+00 -1.055157489467859921e+00 1.185558456815633432e+00 -1.055157489467859921e+00 7.274061554540639740e+00
6.689241681520815774e+00 -1.182523826415810692e-01 6.074823099252709691e-01 -1.182523826415810692e-01 8.539120613436042007e+00 4.441804219856023139e-01 6.074823099252709691e-01 4.441804219856023139e-01 3.266655773647901384e+00
3.217862125070045209e+00 2.343596901698537460e-05 -3.399857102663983914e-07 2.343596901698537122e-05 3.217910281391897165e+00 -3.338820585224429572e-07 -3.399857102663983914e-07 -3.338820585224429572e-07 2.361657798006572551e-01
2.686617978191250700e+00 -3.443970243215616067e-01 -1.123518408885888942e+00 -3.443970243215616067e-01 1.843547167863659464e+00 -1.285826815189122119e+00 -1.123518408885888942e+00 -1.285826815189122119e+00 1.470077947723427148e+00
4.663509770160914947e+00 5.365723476574645323e-01 1.163613198966635842e+00 5.365723476574645323e-01 5.699715054769505684e+00 9.879724889549093558e-02 1.163613198966635842e+00 9.879724889549093558e-02 4.861031413508117710e-02
5.010492570772079546e+00 7.083413405802858609e-01 -2.039064074972020690e-01 7.083413405802858609e-01 3.211463939729535255e+00 -4.821141996222111370e-01 -2.039064074972020690e-01 -4.821141996222111370e-01 1.408093508050007436e+00
5.114597583674457965e-02 -2.902176383486246292e-01 3.195116169502038028e-01 -2.902176383486246292e-01 1.643309191140683023e-01 9.778759453065978269e-01 3.195116169502038028e-01 9.778759453065978269e-01 -2.645065626260691083e+00
4.470378339267243817e+00 4.002130056782367551e-01 1.050085242470798930e+00 4.002130056782367551e-01 5.292615701442383802e+00 5.419154701957855369e-02 1.050085242470798930e+00 5.419154701957855369e-02 1.377572429048029790e+00
7.300356413326638538e+00 -4.896096971383342988e-01 8.002398141468010095e-01 -4.896096971383342988e-01 6.231006768548658314e+00 1.005730373123913557e+00 8.002398141468010095e-01 1.005730373123913557e+00 4.546720737122719846e+00
5.569228947045372635e+00 -2.945192987569400511e-01 -2.665370168789609195e-01 -2.945192987569400511e-01 4.242733787715064153e+00 -1.580821952452225732e-01 -2.665370168789609195e-01 -1.580821952452225732e-01 -1.335877957441180985e+00
2.510474182843045909e+00 -7.203796132940064600e-01 8.814534413724065542e-01 -7.203796132940064600e-01 4.392347019711310807e+00 -8.603187909497322927e-01 8.814534413724065542e-01 -8.603187909497322927e-01 3.748390609465860113e+00
8.267501147446540966e-01 -6.134478527065163611e-01 2.489522932706582647e-01 -6.134478527065163611e-01 1.895230945897762087e+00 -3.678808576803357933e-01 2.489522932706582647e-01 -3.678808576803357933e-01 5.814292280208561703e-01
5.824214491117556847e+00 -5.491999429745834105e-01 1.511413641843347699e-01 -5.491999429745834105e-01 6.264750341995888760e+00 9.447715127430151849e-01 1.511413641843347699e-01 9.447715127430151849e-01 1.642557707571079995e+00
3.718233970181816339e+00 -3.508985415040523637e-01 -6.589566295789964778e-01 -3.508985415040523637e-01 2.595171938860155958e+00 1.001584949381550516e+00 -6.589566295789964778e-01 1.001584949381550516e+00 -2.001929920381066541e+00
5.975934551362191982e+00 5.868220275173912093e-01 1.134931578687334630e+00 5.868220275173912093e-01 6.625589652573185440e+00 2.035231426360065154e-01 1.134931578687334630e+00 2.035231426360065154e-01 3.913507311566560620e+00
6.013584120702131663e+00 -7.298164887134975798e-01 7.464499621959732600e-01 -7.298164887134975798e-01 5.900267150284485673e+00 -2.853692101285206784e-01 7.464499621959732600e-01 -2.853692101285206784e-01 1.693908839536789612e+00
2.482952674976724339e+00 9.532560961621162621e-01 8.802009920740784255e-01 9.532560961621162621e-01 1.575909386934417844e+00 -3.429087206958723044e-01 8.802009920740784255e-01 -3.429087206958723044e-01 1.234766006254833126e+00
1.872732195124706900e+00 -8.819549578028641479e-01 4.358124073959741551e-01 -8.819549578028641479e-01 2.570184032925678430e+00 1.013297308622336468e+00 4.358124073959741551e-01 1.013297308622336468e+00 -7.993772229148452535e-01
6.336972175384049777e+00 1.828229829033610754e-01 -2.749694473277621357e-02 1.828229829033610754e-01 6.173334148753908401e+00 -1.071049246486519779e+00 -2.749694473277621357e-02 -1.071049246486519779e+00 1.671228176010092437e+00
1.469206060198524066e-01 8.430125724131395382e-01 -6.820225739827485700e-01 8.430125724131395382e-01 3.230399871443202092e-02 -1.065374452435478458e+00 -6.820225739827485700e-01 -1.065374452435478458e+00 -2.311511070495147369e+00
9.922356719962045490e-01 -5.014504843294165931e-02 1.932329011838812560e-01 -5.014504843294165931e-02 3.634139737407249715e+00 5.114273133254222392e-01 1.932329011838812560e-01 5.114273133254222392e-01 -2.428055161981432342e+00
6.831766537746552181e+00 -9.069262552385472242e-02 -7.903397576515868161e-01 -9.069262552385472242e-02 6.029284048121641426e+00 2.942386759080145575e-01 -7.903397576515868161e-01 2.942386759080145575e-01 3.055899267319603929e+00
2.725038147103983288e+00 -2.243614404147229735e-01 7.847679064510819646e-01 -2.243614404147229735e-01 3.226421188524684958e+00 1.167915993505165062e+00 7.847679064510819646e-01 1.167915993505165062e+00 1.232125745422797403e+00
1.411211692597806211e+00 2.546919925758456304e-05 -2.002349322473401482e-06 2.546919925758456304e-05 1.411244108106617379e+00 -1.202159984602899114e-08 -2.002349322473401906e-06 -1.202159984602899279e-08 -1.407769376501493586e+00
1.530654637912444382e+00 6.405034306340060546e-01 -4.146267982751801751e-01 6.405034306340060546e-01 2.568031315242996993e+00 1.335031278394768484e-01 -4.146267982751801751e-01 1.335031278394768484e-01 -3.349755647591731389e+00
-1.803405104933913483e+00 -5.559869804552647343e-01 -6.888174584069925999e-01 -5.559869804552647343e-01 -1.463311412879589657e+00 -8.180219396132830667e-01 -6.888174584069925999e-01 -8.180219396132830667e-01 -3.734053120541543702e+00
4.228823499967208299e+00 2.245384828876478556e-01 -4.845461318180577064e-03 2.245384828876478556e-01 2.475371050302377807e+00 3.129665303041093138e-01 -4.845461318180577064e-03 3.129665303041093138e-01 -1.393471647123629920e+00
-1.728052809480220553e+00 4.113870616222669585e-01 4.170600021561752802e-01 4.113870616222669585e-01 -1.837004591767072315e+00 1.285848928380575851e+00 4.170600021561752802e-01 1.285848928380575851e+00 -5.224009524811312755e-01
3.334674529498617535e+00 -6.294403531525024631e-01 1.219764029657023491e-01 -6.294403531525024631e-01 2.222989927681470412e+00 -3.617945388760889225e-01 1.219764029657023491e-01 -3.617945388760889225e-01 -3.028893129901186754e+00
9.301502398090613077e-01 2.290084441411406047e-01 2.143739755883098952e-01 2.290084441411406047e-01 1.850821506374826120e+00 4.319473379450832762e-01 2.143739755883098952e-01 4.319473379450832762e-01 3.618768057282283901e-01
1.650544868420518174e+00 -3.367567053411228972e-01 2.896316885186984713e-01 -3.367567053411228972e-01 3.318879789174352890e+00 9.932618289773251785e-01 2.896316885186984713e-01 9.932618289773251785e-01 1.923334118335323195e+00
8.284591438112419715e-01 7.487321970532212490e-01 2.545125973950018716e-01 7.487321970532212490e-01 4.460834857560859734e-01 -1.178419871984184075e+00 2.545125973950018716e-01 -1.178419871984184075e+00 -1.976472550117675420e+00
-9.006535477905371900e-01 -6.343475049866988957e-01 -1.014133397888125510e+00 -6.343475049866988957e-01 -1.916690884961523400e+00 -4.083231097565162560e-01 -1.014133397888125510e+00 -4.083231097565162560e-01 -3.581652111289688634e+00
1.840463054337395876e+00 -4.611558939066386920e-01 -4.584501073230964341e-01 -4.611558939066386920e-01 2.729093956264514009e+00 -6.555857968011297165e-02 -4.584501073230964341e-01 -6.555857968011297165e-02 -3.252322857540141499e+00
4.755921459105000970e+00 -2.442002437044819840e-02 7.415675200407207956e-01 -2.442002437044819840e-02 4.917473195100577676e+00 -7.822903410190072959e-01 7.415675200407207956e-01 -7.822903410190072959e-01 1.432260119931009656e+00
4.665663800416454343e+00 4.658838471858989805e-01 7.916276111894893219e-01 4.658838471858989805e-01 5.534586573613311522e+00 3.894295517510070748e-01 7.916276111894893219e-01 3.894295517510070748e-01 2.777242299657997737e+00
5.635348304110369355e+00 4.472991846484237755e-01 -1.096073037107956560e+00 4.472991846484237755e-01 6.221482119986820436e+00 -1.083140332493404134e+00 -1.096073037107956560e+00 -1.083140332493404134e+00 2.747134267829484777e+00
2.958018271142141664e+00 4.119838024838672341e-01 4.837497031627844279e-01 4.119838024838672341e-01 1.701619479900545073e+00 5.680477012180840807e-02 4.837497031627844279e-01 5.680477012180840807e-02 -2.166918747990026706e+00
4.413424841001552856e+00 -2.013596343413809331e-02 1.206897906368132656e+00 -2.013596343413809331e-02 5.568956911571989465e+00 -7.161891008489225108e-01 1.206897906368132656e+00 -7.161891008489225108e-01 2.271306579844292628e+00
2.824539186001519209e+00 -1.775891957199437210e-01 -7.228228398547548172e-01 -1.775891957199437210e-01 1.438355672650672767e+00 -1.195522955588424141e+00 -7.228228398547548172e-01 -1.195522955588424141e+00 -1.842002270129149633e+00
1.619681885237573837e+00 4.989060636772104512e-02 8.821477129188036725e-01 4.989060636772104512e-02 2.651177666715305303e+00 7.634287120983279662e-01 8.821477129188036725e-01 7.634287120983279662e-01 7.829175236096497237e-01
-1.113000769882341201e+00 -3.761906947738901663e-01 6.709826314681296422e-01 -3.761906947738901663e-01 -8.721116467481123680e-01 -8.483533453938568725e-01 6.709826314681296422e-01 -8.483533453938568725e-01 -4.250769912944383222e+00
8.393671000957294570e-01 -2.217616810940633010e-01 2.899988800905473618e-01 -2.217616810940633010e-01 2.115705810013668753e+00 1.115729109834134647e+00 2.899988800905473618e-01 1.115729109834134647e+00 8.803948232363701942e-01
8.435840283722537691e-01 1.070139144161916522e-01 2.526736402628554923e-01 1.070139144161916522e-01 1.688394277008595790e+00 2.312294030540538170e-01 2.526736402628554923e-01 2.312294030540538170e-01 2.629820368145858317e-02
