3.315274313875532641e+01 2.406037565283373255e-03 0.000000000000000000e+00 2.406037565283373255e-03 3.315623762188585033e+01 4.406662207478706076e-06 0.000000000000000000e+00 4.406662207478706076e-06 5.497328730478515446e+00
3.370881543605484865e+01 3.214263480757043046e-01 0.000000000000000000e+00 3.214263480757043046e-01 3.334197402726886850e+01 0.000000000000000000e+00 0.000000000000000000e+00 0.000000000000000000e+00 3.870300910233227754e+00
3.357149502834539589e+01 1.682463630815369746e-02 0.000000000000000000e+00 1.682463630815369746e-02 3.355641102360920058e+01 -8.813324414957412152e-06 0.000000000000000000e+00 -8.813324414957412152e-06 3.919373500575710434e+00
3.355225113448533847e+01 -1.025430295680294750e-02 3.595836361302624361e-03 -1.025430295680294750e-02 3.357118656199087781e+01 2.071131237514991976e-03 3.595836361302624361e-03 2.071131237514991976e-03 3.948171038101583985e+00
3.357051674933534002e+01 2.203331103739352825e-03 -4.406662207478706076e-06 2.203331103739352825e-03 3.357355734625850374e+01 -8.813324414957412152e-06 -4.406662207478706076e-06 -8.813324414957412152e-06 3.920285679652658395e+00
2.306357575058699183e+01 -6.630718304802646302e-04 -6.555946374982531133e-02 -6.630718304802646302e-04 2.306252235987757615e+01 3.786563389380915440e-02 -6.555946374982531133e-02 3.786563389380915440e-02 1.798565410684173926e+01
2.306396136682883125e+01 -6.254507337154268992e-04 6.578519033041432817e-02 -6.254507337154268992e-04 2.306294089457908569e+01 -3.796438927281685360e-02 6.578519033041432817e-02 -3.796438927281685360e-02 1.798582340177717853e+01
2.315278947892770844e+01 1.733392033439897298e-02 2.186726249456191762e-03 1.733392033439897298e-02 2.315925090229706740e+01 1.424899039968228250e-03 2.186726249456191762e-03 1.424899039968228250e-03 1.803970151498151964e+01
2.315162322492799873e+01 1.734332560859018491e-02 -2.633476773538639439e-03 1.734332560859018491e-02 2.315809875620864844e+01 -1.344954209342948126e-03 -2.633476773538639439e-03 -1.344954209342948126e-03 1.803846472142537749e+01
2.315044756565410111e+01 3.081638088749769078e-02 -1.437596160126360968e-02 3.081638088749769078e-02 2.314519472001830991e+01 -9.283005626723704606e-03 -1.437596160126360968e-02 -9.283005626723704606e-03 1.806441387291892298e+01
2.315122820341197141e+01 3.079286770201966270e-02 1.591372393152635026e-02 3.079286770201966270e-02 2.314598476305037167e+01 8.191993820543412574e-03 1.591372393152635026e-02 8.191993820543412574e-03 1.806515688958002741e+01
