1.912100941969724488e+02 -3.442993382254913581e-01 -2.364447867325244201e-01 -3.442993382254913581e-01 1.909603466063083772e+02 4.507465223700368728e-02 -2.364447867325244201e-01 4.507465223700368728e-02 1.908466716360829878e+02
1.909871042664227332e+02 -2.039409659619479676e-01 -9.880213839759316441e-02 -2.039409659619479676e-01 1.908966367130508104e+02 -3.338784548692153714e-02 -9.880213839759316441e-02 -3.338784548692153714e-02 1.908751054070595217e+02
1.909382283079054332e+02 6.771275717316886655e-02 -4.923310450269101357e-02 6.771275717316886655e-02 1.908512190592238937e+02 -3.631927144632186855e-02 -4.923310450269101357e-02 -3.631927144632186855e-02 1.910103611886603119e+02
1.912581356361575331e+02 -3.359011034202129542e-01 -2.354546790502179132e-01 -3.359011034202129542e-01 1.906166201160990852e+02 3.040090277533473162e-01 -2.354546790502179132e-01 3.040090277533473162e-01 1.904046062364274690e+02
1.913728714360425158e+02 1.225258256854301273e-02 -1.479150155388612442e-01 1.225258256854301273e-02 1.911560484619139970e+02 -7.938895562665487793e-02 -1.479150155388612442e-01 -7.938895562665487793e-02 1.911452633603745994e+02
1.912836733421632971e+02 -2.521238491016210195e-03 -1.958291551647653728e-01 -2.521238491016210195e-03 1.911225934305486192e+02 -9.931487273307332275e-02 -1.958291551647653728e-01 -9.931487273307332275e-02 1.909093878855593971e+02
1.910408777218685543e+02 3.572167073807258619e-02 -1.543683959681804441e-01 3.572167073807258619e-02 1.907944576002367967e+02 -9.203758126812050522e-02 -1.543683959681804441e-01 -9.203758126812050522e-02 1.911738527197011592e+02
1.910922784549757125e+02 6.784359283118794604e-02 -1.969713150982832506e-01 6.784359283118794604e-02 1.908665975531894219e+02 -9.604044518373108796e-02 -1.969713150982832506e-01 -9.604044518373108796e-02 1.911289053670233216e+02
1.910584450610317617e+02 -1.421511743882912238e-01 -2.633438908014729685e-01 -1.421511743882912238e-01 1.912241926231487525e+02 -1.530847920800473549e-01 -2.633438908014729685e-01 -1.530847920800473549e-01 1.909227295865784697e+02
1.911912185012290593e+02 5.247570716224482512e-03 -1.844110919284521477e-01 5.247570716224482512e-03 1.913075243290102776e+02 -1.494072492600517776e-01 -1.844110919284521477e-01 -1.494072492600517776e-01 1.910776885110571754e+02
