2.132494491927571119e+02 -5.080490044835258567e-01 -3.402398967280346742e-01 -5.080490044835258567e-01 2.127636776111255017e+02 2.134566080086865714e-01 -3.402398967280346742e-01 2.134566080086865714e-01 2.125244039453006337e+02
2.130370817031989645e+02 1.601499176130773486e-02 -1.882548313951205865e-01 1.601499176130773486e-02 2.128835619709584819e+02 -6.077846729815795240e-02 -1.882548313951205865e-01 -6.077846729815795240e-02 2.128666417378876190e+02
2.130746845785334358e+02 -9.108990677219855683e-03 -1.887817101260622632e-01 -9.108990677219855683e-03 2.133254222768798058e+02 9.717199682065282007e-03 -1.887817101260622632e-01 9.717199682065282007e-03 2.130016429203701307e+02
2.130243022418995054e+02 -3.789990763914689864e-02 -2.338917233517197880e-01 -3.789990763914689864e-02 2.131383343581102565e+02 -1.793827593418812483e-01 -2.338917233517197880e-01 -1.793827593418812483e-01 2.129137213581813057e+02
2.131054521747610977e+02 7.074672999966523379e-02 -3.101689119768399339e-01 7.074672999966523379e-02 2.130315689250678304e+02 -1.589723966909057096e-01 -3.101689119768399339e-01 -1.589723966909057096e-01 2.129076710930226568e+02
2.130788218142059236e+02 -1.076140967701210566e-01 1.463591320380938816e-02 -1.076140967701210566e-01 2.130628775444218945e+02 1.858573563643927187e-02 1.463591320380938816e-02 1.858573563643927187e-02 2.130141889991445225e+02
2.131005087085472951e+02 -5.240498518493721253e-02 -1.085051936841969211e-01 -5.240498518493721253e-02 2.130364381332054791e+02 1.293292799024219897e-01 -1.085051936841969211e-01 1.293292799024219897e-01 2.131641443437286796e+02
2.131181008004025728e+02 -5.537530823185672635e-02 -1.558217326018517812e-01 -5.537530823185672635e-02 2.131859726820246692e+02 6.922620748755167752e-02 -1.558217326018517812e-01 6.922620748755167752e-02 2.129788456909850254e+02
2.130746173926550000e+02 5.000043795647855782e-03 -3.657387056462925445e-02 5.000043795647855782e-03 2.130864986848426668e+02 -1.056939950862195200e-02 -3.657387056462925445e-02 -1.056939950862195200e-02 2.132511500563113884e+02
2.131824719441479203e+02 8.345900542070770756e-02 -1.267267111375020017e-01 8.345900542070770756e-02 2.131563401735327830e+02 3.087014309477070610e-03 -1.267267111375020017e-01 3.087014309477070610e-03 2.130833126597649709e+02
