2.183945283934648263e+00 -4.418305253104249096e-05 0.000000000000000000e+00 -4.418305253104249096e-05 2.183894448598928673e+00 0.000000000000000000e+00 0.000000000000000000e+00 0.000000000000000000e+00 6.695299686337169431e-01
4.690008451393823385e+00 4.435702313352783005e-02 -1.286560558239931096e+00 4.435702313352783005e-02 5.062154940550445126e+00 8.349470290208145240e-01 -1.286560558239931096e+00 8.349470290208145240e-01 8.289359177154795866e-01
4.144456114972990157e+00 9.312242880297449954e-01 1.324234409622138120e+00 9.312242880297449954e-01 5.178850865309393647e+00 -7.669527164843983336e-01 1.324234409622138120e+00 -7.669527164843983336e-01 2.224222770512126246e+00
-9.627858130771952405e-01 -2.353054391692106784e-01 -4.295097435101695171e-01 -2.353054391692106784e-01 3.022504092639475282e+00 1.256740461417902299e+00 -4.295097435101695171e-01 1.256740461417902299e+00 -5.756271782019963812e-01
2.282292972475340243e+00 9.790820771542242396e-01 2.461081267758877533e-01 9.790820771542242396e-01 -6.566853584347033257e-01 8.189541436020458809e-01 2.461081267758877533e-01 8.189541436020458809e-01 -1.413908701076231900e-01
4.573719270557737637e+00 -9.546994254226031096e-01 1.887872893846202771e-02 -9.546994254226031096e-01 1.860545438743863578e+00 -5.675066794299976625e-01 1.887872893846202771e-02 -5.675066794299976625e-01 1.897471404607855294e-01
4.680264354469501953e+00 -1.223277322997157190e+00 -4.671980438322763107e-01 -1.223277322997157190e+00 2.328812021883444050e+00 7.865104435205548805e-01 -4.671980438322763107e-01 7.865104435205548805e-01 1.460878893354882413e+00
2.843837821422993350e+00 9.799478343652106016e-01 7.014719541798487557e-01 9.799478343652106016e-01 2.886988301096703236e+00 1.149206040610111224e+00 7.014719541798487557e-01 1.149206040610111224e+00 2.061235517874308254e+00
-3.023169189912406907e-01 4.675801388610725251e-01 3.101487031860708510e-01 4.675801388610725251e-01 4.606758262027629947e+00 1.171167513550348982e+00 3.101487031860708510e-01 1.171167513550348982e+00 -3.086067237580805700e-01
2.514171490279963006e+00 -5.060489109656186590e-01 -3.632814233446997054e-01 -5.060489109656186590e-01 4.332683792840824388e+00 1.276915657483557620e+00 -3.632814233446997054e-01 1.276915657483557620e+00 8.929966106609130705e-01
8.568044106050782815e-01 -9.593924856910996946e-01 -7.908706870221986485e-01 -9.593924856910996946e-01 2.852564273341276824e+00 8.549035286651615051e-01 -7.908706870221986485e-01 8.549035286651615051e-01 2.296198772524464804e+00
4.339762653809760451e+00 -9.489458283225793434e-01 -1.268499714724819150e+00 -9.489458283225793434e-01 2.266586780238107335e-01 -8.770284889227604186e-01 -1.268499714724819150e+00 -8.770284889227604186e-01 -9.695136454510554225e-02
1.043049112985657834e+00 -1.115180707066834448e-01 4.189482605304771234e-01 -1.115180707066834448e-01 1.247556926627928053e+00 5.068621602515445135e-01 4.189482605304771234e-01 5.068621602515445135e-01 1.625835106500180594e+00
2.862305600403306727e+00 -2.790311976336387612e-01 2.720090243603266456e-01 -2.790311976336387612e-01 2.979112871560912534e+00 -5.563147924136061517e-01 2.720090243603266456e-01 -5.563147924136061517e-01 1.814377023485222784e+00
5.034987520550083140e+00 1.179366072272698268e-01 -2.726258925546746203e-01 1.179366072272698268e-01 3.531092138820040471e+00 -1.678718925378727966e-01 -2.726258925546746203e-01 -1.678718925378727966e-01 1.879563825444625635e+00
-9.802980768769899156e-02 -1.064958902381817119e+00 1.225426449502112991e+00 -1.064958902381817119e+00 -1.758160446113783193e+00 -8.444274437617437234e-01 1.225426449502112991e+00 -8.444274437617437234e-01 -1.932539535898575300e+00
3.800084422467407741e+00 4.036843429072003997e-01 1.319362353028756263e-01 4.036843429072003997e-01 -9.724385080988033891e-01 7.438968474975772294e-01 1.319362353028756263e-01 7.438968474975772294e-01 -9.374333209405040224e-01
3.192690164336335013e+00 1.345310267200996446e-01 -3.180672807859623585e-01 1.345310267200996446e-01 8.401667209373282486e-01 -1.226242715248490045e+00 -3.180672807859623585e-01 -1.226242715248490045e+00 -3.727361893384454339e-01
2.445221751517814734e+00 1.394928444027868863e+00 -1.285708088102151647e+00 1.394928444027868863e+00 1.137952674591768965e+00 -1.388045164489402072e+00 -1.285708088102151647e+00 -1.388045164489402072e+00 -4.488798053134139820e-01
1.375548209088118812e+00 -1.090353321870495273e+00 -4.065578739698082478e-01 -1.090353321870495273e+00 2.243794105827270069e-01 1.012496247557120199e+00 -4.065578739698082478e-01 1.012496247557120199e+00 -5.905118898420763651e-01
-2.004990802091831892e+00 -3.233557427367959591e-01 -1.258378617429938950e+00 -3.233557427367959591e-01 -1.350836603102532507e+00 6.955638518480039556e-01 -1.258378617429938950e+00 6.955638518480039556e-01 -1.567609609247098579e+00
3.837480545281670152e-01 -4.007613764288664514e-04 4.896338533286536788e-07 -4.007613764288664514e-04 3.832851005289037438e-01 -4.896293947026053029e-07 4.896338533286536788e-07 -4.896293947026053029e-07 -6.724250637689180854e-01
1.917792012456847939e+00 -1.495591074288393774e-01 -6.848984533586544021e-01 -1.495591074288393774e-01 9.550805576836377542e-01 -1.605412113497479698e-01 -6.848984533586544021e-01 -1.605412113497479698e-01 -9.275150191733467775e-01
3.052355774466322114e+00 2.779948227930952864e-01 1.417419582437159598e+00 2.779948227930952864e-01 -1.074109431839387563e+00 -1.089772748590555618e-01 1.417419582437159598e+00 -1.089772748590555618e-01 -7.915003703262845081e-01
-5.287544099343780002e-02 9.008282835705898606e-01 6.105282334787437426e-01 9.008282835705898606e-01 -2.224793734283884439e-01 7.124334653884033530e-01 6.105282334787437426e-01 7.124334653884033530e-01 8.305537483028606616e-01
-1.101344633752838309e+00 1.388331813670802495e+00 7.476210396773951272e-01 1.388331813670802495e+00 -1.416024089397156294e+00 -1.068652363798115124e+00 7.476210396773951272e-01 -1.068652363798115124e+00 -3.870014937651438669e-01
3.375130396151276635e+00 -9.532482870189959989e-01 2.699463902228292911e-01 -9.532482870189959989e-01 -3.070024174633211311e-01 5.204338983559845255e-01 2.699463902228292911e-01 5.204338983559845255e-01 1.433044085007173951e+00
-6.536221762195527224e-03 -1.262751585349496608e+00 -1.274789843215609619e-01 -1.262751585349496608e+00 7.205408729751948682e-01 -3.302843768687197534e-01 -1.274789843215609619e-01 -3.302843768687197534e-01 -1.560969024966752272e+00
-2.883339360303120991e+00 -2.777579974021701995e-02 -4.632638532432610257e-01 -2.777579974021701995e-02 -3.501059792222628086e+00 -2.238362085011728550e-02 -4.632638532432610257e-01 -2.238362085011728550e-02 -3.321050167984280321e+00
2.332312015124834659e+00 9.022095947524169102e-01 -8.675835767967279288e-01 9.022095947524169102e-01 -1.059713364872558738e+00 -7.101951919184357198e-01 -8.675835767967279288e-01 -7.101951919184357198e-01 1.763888119245735769e-02
8.786767841023100933e-01 -6.401249892532678842e-01 9.089237042236587572e-01 -6.401249892532678842e-01 4.265345588648669306e+00 -1.007634461018724448e+00 9.089237042236587572e-01 -1.007634461018724448e+00 2.118658279613858220e+00
-5.874645601197376887e-01 3.087804696272398661e-02 -1.189204695554033409e+00 3.087804696272398661e-02 -2.641150518273169379e+00 -1.177609743580394941e+00 -1.189204695554033409e+00 -1.177609743580394941e+00 -2.469181045814264230e+00
3.765280052135821176e+00 5.275920362790877949e-01 -8.554477728712510387e-02 5.275920362790877949e-01 4.054434020970722585e+00 8.132749458517211094e-01 -8.554477728712510387e-02 8.132749458517211094e-01 1.500308821516378212e-02
2.388660061602021489e+00 -1.269522136312631888e+00 -1.488192129334389380e+00 -1.269522136312631888e+00 5.771894799352513816e-01 -4.369729018975769819e-01 -1.488192129334389380e+00 -4.369729018975769819e-01 7.437461988004145930e-01
3.444261653671569223e-01 1.160553321078671152e+00 -4.870283593910637587e-02 1.160553321078671152e+00 -5.169652057334049866e-01 1.419790237604553917e+00 -4.870283593910637587e-02 1.419790237604553917e+00 -2.863657195959255497e-01
5.859758038277731451e-01 3.120044257407681987e-01 1.132114236945505281e+00 3.120044257407681987e-01 2.910037703041344237e+00 1.517385070443372785e-01 1.132114236945505281e+00 1.517385070443372785e-01 1.355665329419984688e-01
4.333315221085457303e+00 -9.590241281655587091e-01 -1.005746664192691986e+00 -9.590241281655587091e-01 2.523196877008399674e+00 -1.443956483749134490e-01 -1.005746664192691986e+00 -1.443956483749134490e-01 1.139863986390877715e+00
2.285543213509868554e-01 -1.379282253973459271e+00 -1.196593013651969573e+00 -1.379282253973459271e+00 1.748957257108260110e+00 -8.944695509623327156e-01 -1.196593013651969573e+00 -8.944695509623327156e-01 3.212986341238049243e-02
4.398974758185021372e+00 -1.068523354126477587e+00 8.119251402239091586e-01 -1.068523354126477587e+00 3.040926339293438474e+00 -1.061890132006920062e+00 8.119251402239091586e-01 -1.061890132006920062e+00 2.375787508537023474e+00
2.454558066620232903e+00 -5.833304759768663468e-05 1.072160204616277257e+00 -5.833304759768663468e-05 6.343343755195407496e-02 7.688155286787520248e-01 1.072160204616277257e+00 7.688155286787520248e-01 -2.818667382670657640e-01
3.382326590165475988e+00 8.943007466637675762e-01 -5.114398422413990453e-01 8.943007466637675762e-01 2.754116682507147473e+00 -9.815406859201867285e-01 -5.114398422413990453e-01 -9.815406859201867285e-01 1.899160107514101803e-01
-7.668131702756995072e-01 8.114090669879495676e-01 1.004428875677944699e+00 8.114090669879495676e-01 -2.015352809629323172e+00 7.321728594840524185e-01 1.004428875677944699e+00 7.321728594840524185e-01 -2.326168664627821681e+00
-1.291452081819707054e+00 2.799782432297504226e-05 -2.522351242876518942e-07 2.799782432297503887e-05 -1.291419795360899014e+00 2.522328274501310567e-07 -2.522351242876518942e-07 2.522328274501310567e-07 -1.927238842527921436e+00
-3.202102074455774439e+00 1.549172706285380403e-02 -6.049119593900010861e-01 1.549172706285380403e-02 1.859080484501536512e+00 -4.270551353515055770e-01 -6.049119593900010861e-01 -4.270551353515055770e-01 -7.972006848021574443e-01
-1.337501365045747459e+00 3.218750682088332704e-01 -4.463232456732543763e-01 3.218750682088332704e-01 -3.802479679091947506e+00 4.437715971469798903e-01 -4.463232456732543763e-01 4.437715971469798903e-01 -3.530445246667797132e+00
1.339514499652024737e+00 8.943773014278592060e-01 -1.162987597089843561e+00 8.943773014278592060e-01 -6.651983177653769674e-02 -8.361808462397741781e-01 -1.162987597089843561e+00 -8.361808462397741781e-01 -2.429807704534879542e-01
1.933093289259243841e+00 -1.001738514770720068e+00 5.283058550868079406e-01 -1.001738514770720068e+00 1.380850054569229490e+00 6.307241792667110936e-01 5.283058550868079406e-01 6.307241792667110936e-01 6.527788436202272004e-01
-1.284442899851057640e-01 -1.725235750020082948e-01 8.717387820924724640e-01 -1.725235750020082948e-01 -1.666229474864041826e+00 2.927239392647946747e-01 8.717387820924724640e-01 2.927239392647946747e-01 -1.740815774034466079e+00
-1.961392681982671471e+00 -7.854941135035914401e-01 -3.037985434686853448e-01 -7.854941135035914401e-01 -3.470094836522322090e+00 8.801524200951194032e-01 -3.037985434686853448e-01 8.801524200951194032e-01 -2.662443146598798993e+00
-2.767543055937295549e+00 -6.742348280949838069e-01 5.227001480246226128e-01 -6.742348280949838069e-01 -3.763633416559597045e+00 1.861958193384715687e-01 5.227001480246226128e-01 1.861958193384715687e-01 -3.404139500570883214e+00
-9.870328591762245196e-01 -1.337993759599416244e-01 5.349284647096080869e-01 -1.337993759599416244e-01 -3.632731163782799921e+00 7.190038510060016153e-01 5.349284647096080869e-01 7.190038510060016153e-01 -2.911812827231222478e+00
1.538564065354408594e+00 -4.808077811726959028e-01 1.430442830936786147e-01 -4.808077811726959028e-01 -1.303109444753349333e+00 -1.066841011038772435e-01 1.430442830936786147e-01 -1.066841011038772435e-01 -2.000627979650828892e-01
5.191077196376321368e-01 1.038747568632129914e+00 -7.142097787912652374e-01 1.038747568632129914e+00 -2.823283143993393196e+00 -1.103930763040779306e+00 -7.142097787912652374e-01 -1.103930763040779306e+00 -2.022324157484748586e+00
-6.414991657650460644e-01 -9.122467485883293259e-01 -7.655778066222592715e-01 -9.122467485883293259e-01 1.438721892835987282e+00 -1.113234304742784397e+00 -7.655778066222592715e-01 -1.113234304742784397e+00 -1.017394278259525775e+00
1.239610776414301174e+00 -1.424718817461335663e-01 4.529543679203585360e-01 -1.424718817461335663e-01 -3.166492491476261328e+00 6.974911912257093782e-02 4.529543679203585360e-01 6.974911912257093782e-02 -2.434580667268341880e+00
-2.677460127982019822e-01 -6.037467257513325913e-01 -1.438812360066224816e+00 -6.037467257513325913e-01 -3.772794667612030750e+00 8.322654559016363640e-01 -1.438812360066224816e+00 8.322654559016363640e-01 -2.303711814212469289e+00
2.077993973273478456e+00 -1.569863047365013808e-01 4.920521407018513815e-01 -1.569863047365013808e-01 2.190890066289697735e+00 -3.471916710527731542e-01 4.920521407018513815e-01 -3.471916710527731542e-01 2.250516496753063866e-01
1.120401161837664805e+00 -2.998604325392810743e-01 -2.687081956131736060e-01 -2.998604325392810743e-01 -3.897897840828258298e-01 1.204959726178754797e+00 -2.687081956131736060e-01 1.204959726178754797e+00 -9.271181940783466136e-01
-1.002390156841571844e+00 9.120389467700505959e-01 9.434461203052271205e-01 9.120389467700505959e-01 -3.489752493505244413e+00 7.145835707068087794e-01 9.434461203052271205e-01 7.145835707068087794e-01 -2.523052691491276533e+00
-3.697215499134360872e+00 3.644815798201002099e-01 7.414077081038094041e-01 3.644815798201002099e-01 -2.207967819838192014e+00 1.039419301702364073e+00 7.414077081038094041e-01 1.039419301702364073e+00 -2.363199373485448174e+00
-1.772528047996811962e+00 5.947405029465117066e-01 9.170022943054372266e-01 5.947405029465117066e-01 -2.088824309694399695e+00 -2.080613732656724224e-01 9.170022943054372266e-01 -2.080613732656724224e-01 -3.162783385079040777e+00
1.388765112858359796e+00 -1.719806710595442600e-01 1.231737314760766644e+00 -1.719806710595442600e-01 -1.409056636364550474e+00 -8.754666669882880115e-01 1.231737314760766644e+00 -8.754666669882880115e-01 -1.974070070896164930e+00
-3.359693670819914768e+00 4.927939771644577194e-01 3.492089066643717099e-01 4.927939771644577194e-01 -1.210504377689945787e+00 6.673028675101934093e-01 3.492089066643717099e-01 6.673028675101934093e-01 -3.154470992016093156e+00
1.588257409861028480e+00 -2.027987100847751766e-06 -4.075261311837718181e-11 -2.027987100847751342e-06 1.588253353886726726e+00 -7.058464497415226313e-11 -4.075261311837726582e-11 -7.058464497415235360e-11 1.462650224745542404e+00
-7.754149672134184046e-01 -8.120432621242588134e-01 3.248400833548547584e-01 -8.120432621242588134e-01 9.016751511357166127e-01 3.379063842627598735e-01 3.248400833548547584e-01 3.379063842627598735e-01 3.745387813428724400e+00
4.361100408862135680e+00 -6.137759923110130966e-01 9.602676291717812118e-01 -6.137759923110130966e-01 6.624491182778454723e-01 7.039795903804596522e-01 9.602676291717812118e-01 7.039795903804596522e-01 4.762594570159162544e+00
3.559522373035068465e+00 -2.248444804288120269e-01 7.182005535580782141e-02 -2.248444804288120269e-01 2.799868472085021320e+00 -2.064813910642313566e-01 7.182005535580782141e-02 -2.064813910642313566e-01 2.528111327364150451e+00
4.156214338475470171e+00 -1.526717726666071195e+00 -3.654686628428470141e-01 -1.526717726666071195e+00 5.980631643920731655e+00 5.398662849786127760e-01 -3.654686628428470141e-01 5.398662849786127760e-01 4.125305801912192649e+00
-6.527646846040683348e-01 4.898824736343801445e-01 8.517365865026784721e-01 4.898824736343801445e-01 -1.373494686129730580e+00 6.993370036981694238e-01 8.517365865026784721e-01 6.993370036981694238e-01 4.128710549735347790e+00
-8.839929562160935284e-01 1.897403756415743104e-01 7.701099136862178673e-02 1.897403756415743104e-01 -2.122105775983385900e+00 -3.802745698404714769e-01 7.701099136862178673e-02 -3.802745698404714769e-01 7.146164890490315225e-01
4.389357927704137019e+00 4.938208576149496487e-01 -3.444015279909216076e-01 4.938208576149496487e-01 2.485991770592275607e+00 4.147702990975526416e-01 -3.444015279909216076e-01 4.147702990975526416e-01 -1.227263198704724001e+00
-7.850629461065528059e-01 5.705163543792042269e-01 -8.970112533113897557e-01 5.705163543792042269e-01 -4.164477240200977620e-02 7.240945813133649045e-01 -8.970112533113897557e-01 7.240945813133649045e-01 -1.648524133629967858e+00
9.241703022134898360e-01 -1.248561028119177463e+00 -1.060102876920961980e-02 -1.248561028119177463e+00 3.996307700195587564e+00 -8.689760478126802301e-01 -1.060102876920961980e-02 -8.689760478126802301e-01 1.389069233676033299e+00
3.624482482844076259e+00 1.398976555516439069e+00 8.828101822175793423e-01 1.398976555516439069e+00 4.010589330154164855e+00 5.107697569996113574e-01 8.828101822175793423e-01 5.107697569996113574e-01 3.865155081891171740e+00
6.431129584170259150e+00 8.130689489792525260e-01 -8.025884633880020491e-01 8.130689489792525260e-01 4.032742744414779423e+00 7.387761182921068759e-01 -8.025884633880020491e-01 7.387761182921068759e-01 6.047336047868562936e+00
4.522295081713526343e+00 -5.869882626361188072e-01 5.458314017726706435e-01 -5.869882626361188072e-01 4.869641942087567510e-01 -6.957951181035429977e-01 5.458314017726706435e-01 -6.957951181035429977e-01 -1.102024532962381453e+00
5.241814394083202266e+00 -1.339516015985299457e+00 -7.422106069009182239e-01 -1.339516015985299457e+00 -2.085121582152468234e-01 6.747242920308060832e-01 -7.422106069009182239e-01 6.747242920308060832e-01 4.569554253017097167e+00
-1.129455737802492310e+00 6.545550489189718713e-01 5.808999408277775167e-01 6.545550489189718713e-01 3.767006614205484549e+00 8.212921783750964932e-02 5.808999408277775167e-01 8.212921783750964932e-02 2.805645782937057353e-01
-9.843461248390050766e-01 2.164780305833199359e-01 3.693594878593631226e-01 2.164780305833199359e-01 3.255781006879323591e+00 1.170610558436666337e-01 3.693594878593631226e-01 1.170610558436666337e-01 4.583799311249957320e+00
3.421249595300202007e+00 3.091316480409481149e-01 -2.734094333156165124e-01 3.091316480409481149e-01 -1.123027227568517805e+00 5.618458909875218010e-01 -2.734094333156165124e-01 5.618458909875218010e-01 -1.922930868660218673e+00
2.899128257196863068e+00 -6.212723818609650062e-01 7.018607675604683349e-01 -6.212723818609650062e-01 2.711560374576524879e-01 3.388236594080092923e-01 7.018607675604683349e-01 3.388236594080092923e-01 2.441079467949283544e+00
5.559531532086733563e+00 -9.392843289898675785e-01 -4.030014140131333300e-01 -9.392843289898675785e-01 6.392251081018856418e+00 1.159146719984674778e+00 -4.030014140131333300e-01 1.159146719984674778e+00 4.801008049772830688e+00
4.605486551209391877e+00 8.490432253911307514e-01 2.567282672282603095e-01 8.490432253911307514e-01 -1.168037133248562176e+00 6.102542665925576593e-01 2.567282672282603095e-01 6.102542665925576593e-01 -1.542143426100600068e-01
-9.298341450531071306e-01 1.061350037826819914e+00 1.550772682035427286e-01 1.061350037826819914e+00 3.359090718355868255e+00 -9.013467181303069786e-01 1.550772682035427286e-01 -9.013467181303069786e-01 2.489616819504355816e-01
-8.097639924298095926e-02 1.045032044181280017e-06 -2.292900357558264149e-12 1.045032044181280017e-06 -8.097378666280513615e-02 -3.972202747294115663e-12 -2.292900357558267380e-12 -3.972202747294118086e-12 -8.811292318156732639e-02
-3.929086238574424517e+00 2.035987067462191602e-02 -6.704735001989663434e-01 2.035987067462191602e-02 -3.236109383659727001e+00 -7.018541963755142721e-02 -6.704735001989663434e-01 -7.018541963755142721e-02 -3.663556925485544014e+00
2.076661500425541540e+00 7.633116020281508485e-01 6.117589584743109432e-01 7.633116020281508485e-01 -1.206138569572075880e+00 8.800232351391001906e-01 6.117589584743109432e-01 8.800232351391001906e-01 2.543648122925268318e+00
-2.843628736184500294e+00 -2.506567974998630821e-01 5.946405112075614507e-01 -2.506567974998630821e-01 -5.471864480601224684e-02 8.110416745868311850e-01 5.946405112075614507e-01 8.110416745868311850e-01 2.830855254103742613e+00
-2.276254420175317872e+00 7.911798755943658668e-01 1.120968546824699930e-01 7.911798755943658668e-01 2.695992327945818889e+00 -8.003562892451165922e-01 1.120968546824699930e-01 -8.003562892451165922e-01 -3.483836415836318642e-03
2.871432620084104492e-01 -6.684123815487359455e-01 5.730264329054290950e-01 -6.684123815487359455e-01 1.154775737900924026e+00 -5.287623703057126728e-02 5.730264329054290950e-01 -5.287623703057126728e-02 1.042963342916154550e-02
-1.370162513536122839e+00 -6.186096289605830245e-01 1.034432459824492501e+00 -6.186096289605830245e-01 -1.064302939578887885e+00 4.539181609572019993e-01 1.034432459824492501e+00 4.539181609572019993e-01 -1.970367354443272045e+00
2.174676726048525577e+00 -1.058132218300666283e+00 1.017245553516761492e+00 -1.058132218300666283e+00 -1.243621987584070610e+00 1.436581578209688292e-01 1.017245553516761492e+00 1.436581578209688292e-01 2.909169551525169872e+00
-3.651689233204749474e+00 -1.087222425004853443e+00 -8.756174152144138856e-02 -1.087222425004853443e+00 -3.929630221963179793e+00 4.402165000811579243e-01 -8.756174152144138856e-02 4.402165000811579243e-01 -2.275786791806692300e+00
1.354833001838562812e+00 -6.534889385380475701e-01 4.632504296445052322e-02 -6.534889385380475701e-01 -2.025056308335551947e+00 3.136397501767307916e-01 4.632504296445052322e-02 3.136397501767307916e-01 -1.286021553598708234e-01
3.725888374677079895e+00 1.323052444177972964e+00 7.884672920711995880e-01 1.323052444177972964e+00 2.772558301469735476e+00 -5.568918756420878635e-01 7.884672920711995880e-01 -5.568918756420878635e-01 -2.231247676178638173e+00
-3.345881321813613862e+00 -8.207546850529855442e-01 7.842225501729040149e-02 -8.207546850529855442e-01 -1.439746008307249747e+00 -9.918214644137103297e-01 7.842225501729040149e-02 -9.918214644137103297e-01 -3.568568821432870353e-01
-7.245801102681933559e-01 3.695928646566992715e-01 -4.890154724194665375e-02 3.695928646566992715e-01 -3.512412282783123008e+00 -2.471970708509211023e-01 -4.890154724194665375e-02 -2.471970708509211023e-01 -2.889053801383941966e+00
3.567561102232662318e+00 1.342995506961847774e+00 2.491709664872836794e-01 1.342995506961847774e+00 -1.386619120919092285e-01 3.914136268088577175e-01 2.491709664872836794e-01 3.914136268088577175e-01 1.726151768871204917e+00
1.636073033551802780e+00 -7.688862988931661757e-01 -5.647710755632094903e-01 -7.688862988931661757e-01 -7.135567498285513288e-01 9.637714770990938318e-01 -5.647710755632094903e-01 9.637714770990938318e-01 -2.339260451300054777e-01
1.794552520718527999e+00 1.117859458768670544e+00 1.695429973353620168e-01 1.117859458768670544e+00 -5.278214300944890081e-01 3.094661522849255775e-01 1.695429973353620168e-01 3.094661522849255775e-01 -3.011417790324507848e+00
1.966586038669689840e+00 1.468486284963440580e+00 9.341658121711844398e-01 1.468486284963440580e+00 2.712151386510275763e+00 7.482517237517555264e-01 9.341658121711844398e-01 7.482517237517555264e-01 4.093540762982316727e-01
1.842599758797298093e-01 1.062400259324471685e+00 -7.775744182533500526e-01 1.062400259324471685e+00 7.861950421890365193e-02 -2.525208787044668293e-02 -7.775744182533500526e-01 -2.525208787044668293e-02 -3.051815424169109559e+00
2.354063713206290487e+00 -8.292225266426554997e-01 -4.511671911095636034e-01 -8.292225266426554997e-01 2.505249915935819249e+00 -3.954795422581502268e-02 -4.511671911095636034e-01 -3.954795422581502268e-02 -1.440672582983391070e+00
1.432705220742017227e+00 8.048502857211553563e-01 -9.941448074411767255e-01 8.048502857211553563e-01 -8.986145411224660817e-01 3.560264548239862048e-01 -9.941448074411767255e-01 3.560264548239862048e-01 7.259829614621331473e-01
-1.717180055851574627e+00 -7.600750611886760710e-01 1.560477804822041348e-01 -7.600750611886760710e-01 2.826941830066863393e+00 -3.324131113020998424e-02 1.560477804822041348e-01 -3.324131113020998424e-02 3.467562296876725014e+00
-1.666325432797783446e+00 8.613580540924520502e-06 3.259649551464388103e-11 8.613580540924520502e-06 -1.666313589124233108e+00 5.645775061370008698e-11 3.259649551464393273e-11 5.645775061370011929e-11 -1.563815209928429484e+00
-3.109942393042393949e+00 -1.079243343030575675e+00 5.022962144286797770e-01 -1.079243343030575675e+00 -6.474586630804327614e-01 -2.400585070389274767e-01 5.022962144286797770e-01 -2.400585070389274767e-01 -7.350842174230338699e-01
-4.186197520114311565e+00 3.340314390831291853e-03 1.787061306163682806e-01 3.340314390831291853e-03 4.734881173848133895e-01 -6.790154699005862549e-01 1.787061306163682806e-01 -6.790154699005862549e-01 -4.198888784778774586e+00
1.783954501517300395e+00 5.784088763703693070e-01 7.898985720925861820e-01 5.784088763703693070e-01 1.730814302171259089e-01 3.229626032591079166e-01 7.898985720925861820e-01 3.229626032591079166e-01 -3.035599434883530456e+00
-3.722744951724454854e+00 2.060077599338741572e-01 8.965569533570399985e-01 2.060077599338741572e-01 7.897465729776396159e-01 -6.596168737782611702e-01 8.965569533570399985e-01 -6.596168737782611702e-01 8.015330009321276483e-01
-3.552641641709120890e+00 7.922084137018332584e-01 3.926398509347092669e-01 7.922084137018332584e-01 -3.617951973705644697e+00 5.497065941237444520e-01 3.926398509347092669e-01 5.497065941237444520e-01 -3.934522001282324322e+00
-3.910703704643031742e+00 -7.267236925125625246e-01 2.527387912457038643e-01 -7.267236925125625246e-01 -6.977546146093789314e-01 7.356471885829082291e-01 2.527387912457038643e-01 7.356471885829082291e-01 -1.381704017585667410e+00
9.229095892443649474e-01 -9.745054573299519740e-01 -4.655586782019567882e-01 -9.745054573299519740e-01 2.218075075797017348e+00 -5.938858323947003581e-02 -4.655586782019567882e-01 -5.938858323947003581e-02 2.067924325372129335e+00
5.917628721205629994e-01 -6.885104917478138686e-01 4.751532132961001631e-01 -6.885104917478138686e-01 -3.369682018038500981e+00 7.234305751212631863e-01 4.751532132961001631e-01 7.234305751212631863e-01 -9.429655264354626087e-01
-4.406701106154632619e+00 -1.141885267104305185e-01 -7.414248169073919259e-01 -1.141885267104305185e-01 -3.162016836943816411e+00 -6.752883748084591575e-01 -7.414248169073919259e-01 -6.752883748084591575e-01 -6.174080862396248426e-01
9.452187821706419246e-01 1.896665526128827051e-01 -2.518599666426568628e-01 1.896665526128827051e-01 -1.190401143509822957e+00 8.154471404312370053e-01 -2.518599666426568628e-01 8.154471404312370053e-01 -2.535206145533339228e+00
-2.729345968955359414e+00 -6.757966576546747817e-01 -6.385233301463162370e-01 -6.757966576546747817e-01 -4.820964542872999914e+00 -4.430877791573642477e-01 -6.385233301463162370e-01 -4.430877791573642477e-01 -4.145674209575657798e+00
-3.564853739793792720e+00 1.872354262194759478e-01 2.060289397349167329e-01 1.872354262194759478e-01 -1.108501688682327346e-01 2.672362116890793504e-01 2.060289397349167329e-01 2.672362116890793504e-01 -3.507817872790008895e+00
2.190718928856793202e+00 -5.825296346710919781e-01 -6.907901359657707407e-02 -5.825296346710919781e-01 6.467513774020364758e-01 2.101911689348165690e-01 -6.907901359657707407e-02 2.101911689348165690e-01 -3.841228262906579705e-01
-9.504170048614930533e-01 -3.823884102103142779e-01 -7.294963340167459620e-01 -3.823884102103142779e-01 1.062543171084664229e+00 -5.450761946694231419e-01 -7.294963340167459620e-01 -5.450761946694231419e-01 -3.743211770958593476e+00
2.912871745112399213e-01 -1.279948052596846741e+00 4.127976772411649786e-02 -1.279948052596846741e+00 -1.254360361044038960e-02 -9.178104528059498335e-03 4.127976772411649786e-02 -9.178104528059498335e-03 -2.198902658637550633e+00
-4.463188034189773390e+00 -3.187720247226455417e-01 -4.605272675254341030e-01 -3.187720247226455417e-01 -2.338219452146534483e+00 7.663616796033280165e-01 -4.605272675254341030e-01 7.663616796033280165e-01 -3.306968564522605458e+00
-1.852647669786517515e+00 9.473214649961655409e-01 8.014098184182180118e-01 9.473214649961655409e-01 -1.757735503561700163e+00 -9.943556605639608525e-02 8.014098184182180118e-01 -9.943556605639608525e-02 -1.345081785092391513e+00
-1.098279192318601938e+00 -4.360669056568819424e-01 -2.892757359135432471e-02 -4.360669056568819424e-01 -1.607939483396304325e+00 -5.514574027272645118e-01 -2.892757359135432471e-02 -5.514574027272645118e-01 1.274254563112273475e+00
3.632900916846523165e-01 1.602790907805345666e-01 6.672346512222073756e-01 1.602790907805345666e-01 1.461316653121478293e+00 6.070447315610374428e-01 6.672346512222073756e-01 6.070447315610374428e-01 -4.452099176169292405e-01
1.151058637179330324e+00 -2.273613455490287594e-01 -8.021498902076467097e-01 -2.273613455490287594e-01 1.596798817148436411e+00 -7.620572507894645131e-01 -8.021498902076467097e-01 -7.620572507894645131e-01 -3.797014120372025570e+00
