4.283075779471570854e+02 -7.104861477117918600e-02 -4.406662207478706076e-06 -7.104861477117918600e-02 4.282250147240378055e+02 0.000000000000000000e+00 -4.406662207478706076e-06 0.000000000000000000e+00 2.711759626850553673e+02
4.285193136595642045e+02 1.714940731284488040e-01 8.003556167711125546e-01 1.714940731284488040e-01 4.282520099367207536e+02 -4.743948132839126419e-01 8.003556167711125546e-01 -4.743948132839126419e-01 2.704688696672433252e+02
4.284465023799101004e+02 -4.396967550622252197e-02 8.167351801963108615e-01 -4.396967550622252197e-02 4.283963589706511925e+02 -4.715304828490515243e-01 8.167351801963108615e-01 -4.715304828490515243e-01 2.701352677114883249e+02
4.282521112899515288e+02 1.241797410067499267e-02 0.000000000000000000e+00 1.241797410067499267e-02 4.281935114959164821e+02 -4.406662207478706076e-06 0.000000000000000000e+00 -4.406662207478706076e-06 2.711516467229944851e+02
4.280920436919270742e+02 1.767556278041783890e-01 -4.406662207478706076e-06 1.767556278041783890e-01 4.278716841415799195e+02 0.000000000000000000e+00 -4.406662207478706076e-06 0.000000000000000000e+00 2.713687056833482529e+02
3.732718382741725236e+02 -2.826284894458432756e-03 7.477192982011495251e-03 -2.826284894458432756e-03 3.732599500075947958e+02 -9.057279046134677353e-03 7.477192982011495251e-03 -9.057279046134677353e-03 3.068714771747337977e+02
3.732511325630405850e+02 2.405398874401810938e-02 -1.363764757725366775e-03 2.405398874401810938e-02 3.732691718789393462e+02 5.831269998549845060e-04 -1.363764757725366775e-03 5.831269998549845060e-04 3.065736215463722942e+02
3.731640115082074090e+02 1.234301158483369076e-01 8.267706277782646551e-02 1.234301158483369076e-01 3.731024633939001092e+02 3.768693368417617984e-02 8.267706277782646551e-02 3.768693368417617984e-02 3.068316082174372355e+02
3.731295835020304708e+02 9.916921107211221220e-02 -1.596028003877283941e-01 9.916921107211221220e-02 3.730854774687107920e+02 -8.937361800196758077e-02 -1.596028003877283941e-01 -8.937361800196758077e-02 3.067587737741004617e+02
3.730533443494365429e+02 3.756466511969045602e-02 -5.596138143769609783e-04 3.756466511969045602e-02 3.731872566433710290e+02 -2.464228864467825908e-01 -5.596138143769609783e-04 -2.464228864467825908e-01 3.068719709516287821e+02
3.731805318723242522e+02 -6.183497517010638073e-02 7.412766853801709688e-02 -6.183497517010638073e-02 3.730896298972662066e+02 -5.261310382562553456e-02 7.412766853801709688e-02 -5.261310382562553456e-02 3.068327180397917573e+02
3.732696280347375932e+02 4.359344587625569450e-02 -9.913158997534737144e-03 4.359344587625569450e-02 3.732500415512344034e+02 2.234034778637975227e-01 -9.913158997534737144e-03 2.234034778637975227e-01 3.068876730568910034e+02
3.731771929999863460e+02 1.332163036442903237e-01 3.018951936265358293e-01 1.332163036442903237e-01 3.730852282289447430e+02 1.465059560764692403e-01 3.018951936265358293e-01 1.465059560764692403e-01 3.068779009770063340e+02
3.731787542755021150e+02 -8.998025818730059910e-02 -2.866962705335413530e-01 -8.998025818730059910e-02 3.731172343770174393e+02 3.951955136033333260e-01 -2.866962705335413530e-01 3.951955136033333260e-01 3.069257267962686910e+02
3.731880937127739912e+02 2.842273860583488868e-02 1.428190885935151644e-02 2.842273860583488868e-02 3.732182235086455648e+02 2.418566258269504166e-02 1.428190885935151644e-02 2.418566258269504166e-02 3.066838654678045941e+02
