3.313543521381182444e+01 -3.324109738400825020e-01 -1.764265806904232459e-01 -3.324109738400825020e-01 3.351926813735226318e+01 -1.018679361138779549e-01 -1.764265806904232459e-01 -1.018679361138779549e-01 3.279593436174664589e+01
3.329586801933412943e+01 -2.172897391787588783e-01 -1.525791299422979697e-01 -2.172897391787588783e-01 3.304025404065237836e+01 9.093431842212182370e-02 -1.525791299422979697e-01 9.093431842212182370e-02 3.297911489126995122e+01
3.321514595443522921e+01 -2.523183345392169263e-01 -1.829825079868384607e-01 -2.523183345392169263e-01 3.320210482181970235e+01 -1.578514533505800954e-02 -1.829825079868384607e-01 -1.578514533505800954e-02 3.320837786120688406e+01
3.327809558643672716e+01 -2.120386323636690162e-01 -1.491314335485521003e-01 -2.120386323636690162e-01 3.303058988245329175e+01 8.751491081929899107e-02 -1.491314335485521003e-01 8.751491081929899107e-02 3.297184467200272451e+01
3.330788721937755525e+01 1.225435061797570391e-01 7.759261740304164434e-02 1.225435061797570391e-01 3.316637961498276610e+01 4.479883652550401690e-02 7.759261740304164434e-02 4.479883652550401690e-02 3.343485792133676426e+01
3.306261279377817175e+01 -7.577859868510151975e-03 -4.695939293225142620e-03 -7.577859868510151975e-03 3.339695447759876146e+01 -5.366737247987800330e-02 -4.695939293225142620e-03 -5.366737247987800330e-02 3.343881481596712746e+01
3.320341317839989159e+01 -2.619895649360322668e-02 2.148533670605118351e-02 -2.619895649360322668e-02 3.323505065494845212e+01 1.389686854094488930e-02 2.148533670605118351e-02 1.389686854094488930e-02 3.320636228485361841e+01
3.340484705026628376e+01 -2.835244070261987853e-02 3.044581123092506003e-02 -2.835244070261987853e-02 3.336782055904689059e+01 -1.658430367863397703e-02 3.044581123092506003e-02 -1.658430367863397703e-02 3.339660086771221614e+01
3.331171681444876498e+01 -9.140108347235202657e-02 -1.284912244713268259e-01 -9.140108347235202657e-02 3.341868380512651981e+01 -7.380899161708465162e-02 -1.284912244713268259e-01 -7.380899161708465162e-02 3.317616046444440769e+01
3.330157881900171901e+01 9.653549902488432928e-04 -1.007788176633407900e-03 9.653549902488432928e-04 3.347007392993709374e+01 1.193433367065877965e-01 -1.007788176633407900e-03 1.193433367065877965e-01 3.338601732380813303e+01
