8.685825475206598867e-01 4.130805305359692632e-07 -8.261611358272094865e-07 4.130805305359692632e-07 8.685818590530250960e-01 -1.514628667808567897e-06 -8.261611358272095923e-07 -1.514628667808567897e-06 8.685825475206651047e-01
1.591671976243404174e+00 -3.207567022507215593e-01 3.672253339078566103e-01 -3.207567022507215593e-01 -6.501737312939178670e-01 -1.278423696520945840e-01 3.672253339078566103e-01 -1.278423696520945840e-01 -1.173443170659889401e-01
2.344691804512488265e+00 -6.609792585936148379e-01 -1.594134781406273405e-01 -6.609792585936148379e-01 1.943049935825780894e+00 -3.302709999799969820e-01 -1.594134781406273405e-01 -3.302709999799969820e-01 -2.962978226658702918e-01
2.239361403251613591e+00 -4.122027390072363628e-02 -2.686010941542090746e-01 -4.122027390072363628e-02 1.967282668123149780e-01 1.092498134826399708e-01 -2.686010941542090746e-01 1.092498134826399708e-01 1.790570277562577139e+00
1.309832184852374737e-01 2.554656587408364876e-01 5.049500033650184960e-01 2.554656587408364876e-01 1.347070927802531196e-02 5.180317783878823912e-01 5.049500033650184960e-01 5.180317783878823912e-01 1.159952184005786924e+00
1.104602332067238457e+00 5.119377990156070979e-01 6.308995613766559263e-01 5.119377990156070979e-01 2.741597784366481272e-01 4.418211508029405987e-01 6.308995613766559263e-01 4.418211508029405987e-01 2.230071974610098096e+00
1.180442926186297571e-02 -6.137590123323002356e-01 3.488014117680325321e-01 -6.137590123323002356e-01 2.266080432797341615e+00 8.553781811212667063e-02 3.488014117680325321e-01 8.553781811212667063e-02 9.476965522637467165e-01
3.163614811168394159e+00 1.048572751181214985e-01 -6.488761929240469684e-01 1.048572751181214985e-01 1.549281095238461470e+00 -5.980209007151023881e-01 -6.488761929240469684e-01 -5.980209007151023881e-01 2.983053871909910004e+00
2.584486963766980061e+00 4.490853127182884985e-01 -2.380451318186549148e-01 4.490853127182884985e-01 1.764315601652682308e-01 4.110200842802692600e-01 -2.380451318186549148e-01 4.110200842802692600e-01 1.425604493365668635e+00
-9.262063133595656028e-01 6.303429966113240912e-01 4.804944961502947282e-02 6.303429966113240912e-01 -8.656709000646994889e-02 -1.216932719132265001e-01 4.804944961502947282e-02 -1.216932719132265001e-01 -7.681193871552771668e-01
4.889429382293647985e-01 5.532381703262891914e-01 4.622937115043315726e-01 5.532381703262891914e-01 1.364628439979350238e+00 -3.100298380975541890e-01 4.622937115043315726e-01 -3.100298380975541890e-01 -5.870126234246629826e-01
-5.840102578895632890e-01 4.777488538297501863e-01 -3.489478054551542474e-01 4.777488538297501863e-01 3.372841532972051248e-01 -6.129011697020073646e-01 -3.489478054551542474e-01 -6.129011697020073646e-01 -3.262924758092918265e-01
2.795024926790169228e+00 -2.722951203915842111e-01 -5.802241787954223184e-01 -2.722951203915842111e-01 2.761350999175141041e+00 6.266841655807189326e-01 -5.802241787954223184e-01 6.266841655807189326e-01 8.363643230383319693e-01
1.042610762768046762e+00 -1.831404015757738257e-01 -2.935464528980171739e-01 -1.831404015757738257e-01 2.248240863297290115e+00 4.121758765291409082e-02 -2.935464528980171739e-01 4.121758765291409082e-02 1.785484920977573331e-01
-1.263494519500749369e-01 -3.452420396728548835e-01 -2.021003057268400474e-02 -3.452420396728548835e-01 1.517893988964437169e+00 -3.447623679114201201e-01 -2.021003057268400474e-02 -3.447623679114201201e-01 -5.121428166564342965e-02
1.374195296839855862e+00 2.765424359574358282e-01 -5.574965204037053423e-01 2.765424359574358282e-01 -1.185805830936887267e-01 6.773988141737377067e-01 -5.574965204037053423e-01 6.773988141737377067e-01 1.751924619856793708e+00
-7.858297245730848646e-01 -6.072682005364703484e-01 -5.715789184600200690e-01 -6.072682005364703484e-01 -2.516205161589802342e-01 4.782310001410901013e-01 -5.715789184600200690e-01 4.782310001410901013e-01 -6.327652965172270161e-01
1.425995322419844724e+00 -3.054011298934337648e-01 -1.113946781819487863e-01 -3.054011298934337648e-01 9.615308007245237931e-01 -1.810143790760992966e-01 -1.113946781819487863e-01 -1.810143790760992966e-01 1.371512652248113362e+00
1.794273975528386744e+00 -1.520222459711335627e-01 3.371895278073634983e-01 -1.520222459711335627e-01 1.231897559239717221e+00 -2.254772025350095521e-01 3.371895278073634983e-01 -2.254772025350095521e-01 -2.616279721555518911e-01
5.688598929206895027e-01 3.245563802512657636e-01 -2.322364254424021113e-01 3.245563802512657636e-01 2.260694199456002806e+00 2.333336203005179632e-01 -2.322364254424021113e-01 2.333336203005179632e-01 3.343009071982951941e-01
1.392748890981826637e+00 2.784049248286331046e-01 -2.525469614007752259e-02 2.784049248286331046e-01 2.020165106729311599e+00 3.447761735252024007e-01 -2.525469614007752259e-02 3.447761735252024007e-01 2.516472385576958182e+00
-3.659361895050974867e-02 2.005998211434534665e-15 2.838166787968826439e-07 2.005998211585129790e-15 -3.659361895050716046e-02 2.838166667264100944e-07 2.838166787968825910e-07 2.838166667264101474e-07 -3.659376085885110430e-02
-5.941768105344457096e-01 -3.477204859693713290e-01 -4.238638228960517895e-01 -3.477204859693713290e-01 -5.220225370600561909e-01 -2.090138914537363959e-02 -4.238638228960517895e-01 -2.090138914537363959e-02 3.952101055869918778e-01
-1.240779209364870628e+00 7.031503543502733156e-02 3.254087015932831117e-01 7.031503543502733156e-02 2.412048466146864134e-01 -2.394039583791938430e-01 3.254087015932831117e-01 -2.394039583791938430e-01 5.251591935581395587e-01
-5.167973179821808705e-01 2.782162044994453964e-01 -4.133955364575245817e-01 2.782162044994453964e-01 1.327076720235061069e+00 2.188358753214904029e-01 -4.133955364575245817e-01 2.188358753214904029e-01 -8.765015564184363006e-01
-4.656627313058060991e-01 3.244280927286330440e-01 5.205994592448552893e-01 3.244280927286330440e-01 -4.906214908693495302e-01 -4.694977883137881336e-01 5.205994592448552893e-01 -4.694977883137881336e-01 -1.531462155242734990e+00
1.031293062877263633e+00 1.136894365625470450e-02 -6.524721584648067729e-01 1.136894365625470450e-02 2.770855962305566189e-01 2.585357298691268735e-01 -6.524721584648067729e-01 2.585357298691268735e-01 -3.265820163908612905e-02
-2.983326624866499688e-01 -1.278070761058940352e-01 6.036852356602756542e-01 -1.278070761058940352e-01 8.868471345950408313e-01 -1.439102631618419115e-01 6.036852356602756542e-01 -1.439102631618419115e-01 8.666308974901772988e-01
-7.308994635613983437e-01 -2.710430748694162006e-01 4.248463190713786530e-01 -2.710430748694162006e-01 1.312617866400106248e+00 3.418995753386101510e-01 4.248463190713786530e-01 3.418995753386101510e-01 -6.320050841032095468e-01
-7.057302884894977035e-01 5.270975519158355160e-02 -3.179270890865618648e-01 5.270975519158355160e-02 1.259369251595009898e+00 8.183147662161081165e-03 -3.179270890865618648e-01 8.183147662161081165e-03 -7.889656758440305451e-01
1.209681324677961550e-01 -3.477011838150352863e-01 6.354863753818801309e-01 -3.477011838150352863e-01 1.376918230710774127e+00 -4.814909916523629207e-01 6.354863753818801309e-01 -4.814909916523629207e-01 -1.235120765935543874e+00
1.881721961673378019e+00 3.134605561961091302e-01 -4.982535806162301933e-02 3.134605561961091302e-01 6.176414912888275044e-01 -6.977947369744561534e-01 -4.982535806162301933e-02 -6.977947369744561534e-01 1.553715060596347008e+00
-1.166538230729275760e+00 -9.182217456839007752e-02 6.337791897430856691e-01 -9.182217456839007752e-02 -6.161958815397267086e-01 -2.634918377588824079e-01 6.337791897430856691e-01 -2.634918377588824079e-01 8.756950581207949558e-01
-1.307225424744258957e+00 -4.699776720595935098e-01 4.099021049627790680e-01 -4.699776720595935098e-01 -1.029602959903384907e+00 -6.195479923867840411e-01 4.099021049627790680e-01 -6.195479923867840411e-01 5.869936652877214694e-02
7.336935470124341663e-01 3.273628330609680837e-01 3.390648170255129989e-01 3.273628330609680837e-01 1.539240279705345937e+00 -6.405861524797699103e-01 3.390648170255129989e-01 -6.405861524797699103e-01 5.370214436724868312e-01
-8.722498489609726846e-01 -4.922283072730541664e-01 -4.416201031691773804e-01 -4.922283072730541664e-01 -1.359301519595772945e+00 -3.722900022731625430e-02 -4.416201031691773804e-01 -3.722900022731625430e-02 -2.575887445431697120e-01
1.806688427985711609e+00 2.979659539699607285e-01 -5.308085981368458883e-01 2.979659539699607285e-01 1.529028201734459413e+00 1.298257598613710706e-01 -5.308085981368458883e-01 1.298257598613710706e-01 -3.629491144581567519e-01
-1.401138556114954525e+00 -3.866445456390173452e-01 -3.711153737240749928e-01 -3.866445456390173452e-01 6.632591325992850395e-01 5.434198098774257746e-01 -3.711153737240749928e-01 5.434198098774257746e-01 -1.376448970874093458e+00
-7.792582604747544384e-01 -3.648852983056834476e-01 1.769132600252636828e-02 -3.648852983056834476e-01 -3.556362382425872215e-01 -9.632554853251873439e-02 1.769132600252636828e-02 -9.632554853251873439e-02 -5.927997205288707550e-01
-5.134371237608165162e-01 -2.428886123436314048e-01 -6.721859559405389366e-03 -2.428886123436314048e-01 -1.099575952660178269e+00 1.023799932501175680e-01 -6.721859559405389366e-03 1.023799932501175680e-01 -1.194300043056768734e+00
7.128896089436971562e-02 -9.894584548418076941e-02 -2.750649774889628030e-01 -9.894584548418076941e-02 -9.010618540825667822e-01 -3.264381965371701000e-01 -2.750649774889628030e-01 -3.264381965371701000e-01 6.998192817184256675e-01
-1.295246667245625094e+00 5.748763052356911096e-01 -3.487060046631373367e-01 5.748763052356911096e-01 1.342070579955153831e-01 -9.129910276783088918e-02 -3.487060046631373367e-01 -9.129910276783088918e-02 -1.666991067979422647e+00
-8.885721772784013206e-01 2.046916208497615945e-06 1.023458125370836591e-06 2.046916208497615945e-06 -8.885729083200551992e-01 1.608291282294633054e-06 1.023458125370836591e-06 1.608291282294633266e-06 -8.885739317781218283e-01
-5.466224011355729218e-01 -4.367889082262418898e-01 1.155586492693157497e-01 -4.367889082262418898e-01 -1.044302584174310544e+00 1.780540790915740093e-02 1.155586492693157497e-01 1.780540790915740093e-02 -5.838559894123083183e-01
-1.070699696771062248e+00 -1.964364532969568589e-01 4.423866226146473679e-02 -1.964364532969568589e-01 -1.966587538138023505e-01 -2.438172588819005268e-02 4.423866226146473679e-02 -2.438172588819005268e-02 3.538820834665886150e-01
-1.647742827125964205e+00 -3.935312369451488546e-01 -5.359912403787581159e-01 -3.935312369451488546e-01 -7.673031339258061800e-01 -5.069020097259882007e-01 -5.359912403787581159e-01 -5.069020097259882007e-01 5.971771304919513135e-01
2.696043874388713846e-01 6.359655971176545464e-01 3.621079653765391648e-01 6.359655971176545464e-01 -1.002477237090007023e+00 1.677635093135294853e-01 3.621079653765391648e-01 1.677635093135294853e-01 -3.515611941453393730e-01
-1.598496102353692105e+00 -3.078781960754676250e-01 4.542745783797395021e-01 -3.078781960754676250e-01 -7.077803192753787664e-01 -5.623996173097585149e-01 4.542745783797395021e-01 -5.623996173097585149e-01 -1.990032427585441299e+00
6.795227069829067323e-01 -9.598515579976920828e-03 -2.838865005959913534e-01 -9.598515579976920828e-03 5.375302124228870104e-01 -2.211744296085382533e-01 -2.838865005959913534e-01 -2.211744296085382533e-01 -1.332785166191467363e+00
-1.214891713087466796e+00 -2.136089020694371399e-01 4.611827818791111588e-01 -2.136089020694371399e-01 -2.523974132749502997e-01 4.888352324321056930e-01 4.611827818791111588e-01 4.888352324321056930e-01 -2.400329219268920455e-01
-2.088263237258346283e+00 4.169120956510596887e-01 -1.531053910410668240e-01 4.169120956510596887e-01 -2.438001206373502594e+00 3.437088453536973898e-01 -1.531053910410668240e-01 3.437088453536973898e-01 -1.545774400207411636e+00
6.124697178222737737e-01 -4.705443743945192936e-01 2.859212540659339385e-01 -4.705443743945192936e-01 -7.349035744504762713e-01 -3.362846933912092551e-01 2.859212540659339385e-01 -3.362846933912092551e-01 -4.855975825670408863e-01
-5.557119121340622359e-01 -1.268281018667990478e-01 -2.214713563056652235e-01 -1.268281018667990478e-01 -2.107015885121231502e+00 -6.136883257546525000e-02 -2.214713563056652235e-01 -6.136883257546525000e-02 1.057340460690310707e-01
-2.324973817993775782e+00 -6.498741231788858208e-01 -4.872476851735216830e-01 -6.498741231788858208e-01 -8.562671701804759339e-01 2.556665160178477336e-01 -4.872476851735216830e-01 2.556665160178477336e-01 -1.011099836740768421e+00
-9.969872833888695496e-01 -3.173220702165774343e-01 -3.278897273077268082e-01 -3.173220702165774343e-01 -2.486751020867199014e+00 1.099187997923370408e-01 -3.278897273077268082e-01 1.099187997923370408e-01 -2.305358886986832889e+00
8.519010906665186456e-01 2.348910942146691661e-01 -7.535864173292645685e-01 2.348910942146691661e-01 -9.607534538691622217e-01 -3.457295582213324447e-01 -7.535864173292645685e-01 -3.457295582213324447e-01 7.362348000574516771e-01
-9.098576578069386689e-02 -5.274873771484369506e-02 -4.947828429033239162e-01 -5.274873771484369506e-02 2.789360855046772447e-01 -6.637600655780369063e-01 -4.947828429033239162e-01 -6.637600655780369063e-01 8.490300730390934469e-02
-2.193433762767965867e+00 2.923211514781718923e-01 2.781332482766504799e-01 2.923211514781718923e-01 -8.252547902302388438e-01 2.827331622394313460e-01 2.781332482766504799e-01 2.827331622394313460e-01 -1.491116062309477241e+00
-1.969109919958875743e+00 4.377218388769972823e-01 -2.133926611823299679e-01 4.377218388769972823e-01 -8.155540153196421116e-01 4.453361371692342030e-01 -2.133926611823299679e-01 4.453361371692342030e-01 5.656278969445662774e-01
-2.220124370347429821e+00 -1.349192695080984883e-01 -3.419522207229729882e-01 -1.349192695080984883e-01 -6.434674367564682251e-01 1.982512996777332503e-01 -3.419522207229729882e-01 1.982512996777332503e-01 -2.296123834935968500e+00
-1.505038069619252683e+00 -5.983580281340469265e-01 1.801179875811571851e-01 -5.983580281340469265e-01 -1.226309608123937300e+00 -1.067377961665051944e-01 1.801179875811571851e-01 -1.067377961665051944e-01 -6.018262114883533159e-02
-3.659641308642158641e-01 -5.442545180069850719e-02 4.844181730907186623e-01 -5.442545180069850719e-02 3.468974274315856365e-01 -1.189870388440021284e-02 4.844181730907186623e-01 -1.189870388440021284e-02 -1.137345497932897631e+00
-1.350176561250606699e+00 -4.143395441935317502e-01 4.856131920782211231e-01 -4.143395441935317502e-01 -1.946348045841151064e+00 3.185440274246564840e-01 4.856131920782211231e-01 3.185440274246564840e-01 -2.975031552205061880e-01
7.742503330807819495e-01 1.748118105233192850e-07 -1.748114323869640322e-07 1.748118105233192850e-07 7.742531300668177296e-01 -5.244348564616295990e-07 -1.748114323869640322e-07 -5.244348564616297048e-07 7.742540041251200211e-01
5.103483949579763479e-01 -4.657946394166551096e-01 -3.510455903662575983e-01 -4.657946394166551096e-01 6.643991122243282366e-01 1.028175237788964275e-01 -3.510455903662575983e-01 1.028175237788964275e-01 -3.502266274601583129e-01
-3.807701694228550759e-01 -2.117647384456670667e-01 -1.612907576283617583e-01 -2.117647384456670667e-01 2.025788686967744945e-01 -3.377824884833788288e-02 -1.612907576283617583e-01 -3.377824884833788288e-02 -4.415445187772760738e-01
8.705219154932044567e-01 -3.772955005909476300e-01 -2.122581577192682034e-01 -3.772955005909476300e-01 1.373349156994071452e+00 -2.396763474154132989e-01 -2.122581577192682034e-01 -2.396763474154132989e-01 1.890069466096519379e+00
8.769399915263118572e-01 2.619042984110822592e-01 1.065470680802835246e-01 2.619042984110822592e-01 2.075935991489914478e+00 -3.529820375238780228e-01 1.065470680802835246e-01 -3.529820375238780228e-01 2.718407773535855831e+00
2.246831206504845468e+00 -2.732257115875813547e-01 -1.957479754840854014e-01 -2.732257115875813547e-01 1.804124330590116232e+00 1.473060289384519814e-02 -1.957479754840854014e-01 1.473060289384519814e-02 1.876722775619300121e+00
1.767665305579457335e+00 4.135106104029140361e-01 3.087328987262170088e-01 4.135106104029140361e-01 7.945392281484838781e-01 2.164195490773661024e-01 3.087328987262170088e-01 2.164195490773661024e-01 7.782322206414583610e-01
1.106740796522361236e+00 -1.268031160980746808e-01 -1.104130577594032436e-01 -1.268031160980746808e-01 1.363416677383493703e+00 -1.434102545633305359e-01 -1.104130577594032436e-01 -1.434102545633305359e-01 2.541474061679704022e+00
3.604269034253681503e-01 -1.843173297307726943e-01 6.074511453542578293e-02 -1.843173297307726943e-01 -7.826696414271664404e-01 2.984641718400661836e-01 6.074511453542578293e-02 2.984641718400661836e-01 -8.181563366525625991e-01
1.397433930800145108e+00 -2.889751727115830726e-01 -2.752357447284353165e-01 -2.889751727115830726e-01 2.097161153219138097e+00 -2.085306110134698132e-01 -2.752357447284353165e-01 -2.085306110134698132e-01 1.979231990800298213e+00
7.204030149661831972e-01 3.712700116794130645e-02 6.458509602691138440e-02 3.712700116794130645e-02 2.382217991244163446e+00 -5.975693452668284777e-01 6.458509602691138440e-02 -5.975693452668284777e-01 2.452504877856925614e+00
9.340635509424720651e-01 2.890028324714765118e-01 1.348280552722962156e-01 2.890028324714765118e-01 5.418170744441167530e-01 8.994691028586251913e-02 1.348280552722962156e-01 8.994691028586251913e-02 -1.571591477428980477e-01
2.145543044956424783e+00 -1.008957941088367977e-01 -5.104195873911904907e-02 -1.008957941088367977e-01 2.317033100286371994e+00 -8.348317318592505740e-03 -5.104195873911904907e-02 -8.348317318592505740e-03 2.631534008008429737e+00
9.825315360803955622e-01 1.621885630992886407e-01 1.871112643595896630e-01 1.621885630992886407e-01 9.969576093953835816e-01 2.175092632635872159e-02 1.871112643595896630e-01 2.175092632635872159e-02 -2.443028602367029734e-01
-5.463683149750223761e-02 -2.704186905518999318e-01 -1.854659417170020919e-01 -2.704186905518999318e-01 1.144480715102875967e+00 -5.061975391226701815e-01 -1.854659417170020919e-01 -5.061975391226701815e-01 -3.562055485478554107e-01
8.673581667829951547e-01 9.502222869883014678e-02 1.467425978815034282e-01 9.502222869883014678e-02 2.185027603481290548e+00 -4.357538853182988392e-01 1.467425978815034282e-01 -4.357538853182988392e-01 1.876440612473386338e+00
1.306349551315311386e+00 -2.232197361963796645e-01 -1.832356169923505251e-01 -2.232197361963796645e-01 -7.029359995606158928e-02 2.599177418065124479e-01 -1.832356169923505251e-01 2.599177418065124479e-01 8.598235791627254487e-01
1.058121142925085190e+00 1.701319820546997874e-01 6.321492221762765873e-02 1.701319820546997874e-01 1.130807319564924640e+00 -7.515640432867758125e-02 6.321492221762765873e-02 -7.515640432867758125e-02 2.245321070549596509e+00
2.224107974188757719e+00 -2.698240130221790656e-01 -1.486213145814307413e-01 -2.698240130221790656e-01 8.725455309491724210e-01 4.432175141389946837e-01 -1.486213145814307413e-01 4.432175141389946837e-01 2.519484459847367130e+00
2.124870874694802403e+00 -6.607279859090623431e-01 -4.578368257445470935e-01 -6.607279859090623431e-01 2.245186589716039460e+00 -3.421984042438212803e-02 -4.578368257445470935e-01 -3.421984042438212803e-02 1.333913601320740216e+00
1.509150381824968523e+00 1.875417810708784050e-01 -9.428741318210623681e-03 1.875417810708784050e-01 1.765028719116011224e+00 4.104728198021130939e-03 -9.428741318210623681e-03 4.104728198021130939e-03 1.660771639324302607e+00
-4.822071147973977512e-02 2.342114339037415579e-06 1.981788811550924193e-06 2.342114339037416003e-06 -4.822215278187667875e-02 1.801622801326738200e-07 1.981788811550924193e-06 1.801622801326738464e-07 -4.822323375766095904e-02
-1.084290687895818166e-02 -2.295597507406437962e-02 4.856820380185295633e-02 -2.295597507406437962e-02 -3.124948803579474799e-01 8.033130799048517068e-02 4.856820380185295633e-02 8.033130799048517068e-02 -3.651190370784985206e-01
-5.682079853288862781e-01 1.094615910609288839e-01 -8.928695636365648058e-02 1.094615910609288839e-01 -1.394811370363044034e+00 1.091492576325809316e-01 -8.928695636365648058e-02 1.091492576325809316e-01 -1.404164271924686513e+00
2.868841473463657477e-01 5.791178519842779537e-02 4.855419991702526750e-02 5.791178519842779537e-02 6.197342150955831297e-01 -4.269463247073257417e-02 4.855419991702526750e-02 -4.269463247073257417e-02 7.619812442490003779e-01
-1.584065857293674329e+00 1.663925130880358760e-01 1.201334741541794510e-01 1.663925130880358760e-01 -1.434292876331773714e+00 -1.787985170676754665e-01 1.201334741541794510e-01 -1.787985170676754665e-01 -9.806749997923500661e-01
2.509698811413332842e-01 4.643039224045130697e-01 3.245328528373304100e-01 4.643039224045130697e-01 1.004350443395851222e+00 -3.162028142540039832e-01 3.245328528373304100e-01 -3.162028142540039832e-01 1.897771295676871306e+00
-1.868288810885073981e-01 2.657744911005838206e-01 2.914492500218239801e-01 2.657744911005838206e-01 3.362342277539486779e-01 -1.121447573053686309e-01 2.914492500218239801e-01 -1.121447573053686309e-01 -9.116916305403336418e-01
1.610054331182408260e+00 -1.326889314738035064e-01 8.802655599385207641e-02 -1.326889314738035064e-01 6.931525446386082034e-01 3.848174296167909958e-01 8.802655599385207641e-02 3.848174296167909958e-01 -3.081581284198594006e-01
-6.442646421798176037e-01 6.797464101574653139e-02 -1.510623667540022738e-02 6.797464101574653139e-02 -1.210940355367555288e+00 2.472811302825963370e-02 -1.510623667540022738e-02 2.472811302825963370e-02 -3.331254726057576998e-01
7.331105264423453116e-01 5.961720766570059032e-02 -1.508277217054630921e-02 5.961720766570059032e-02 -4.679696764629669437e-01 3.263391904554679979e-01 -1.508277217054630921e-02 3.263391904554679979e-01 2.140707076098146699e-01
9.652048745237699068e-01 -3.486609484341984255e-01 -3.426930048186000999e-01 -3.486609484341984255e-01 -1.941601561505159890e-01 3.334716522469770017e-01 -3.426930048186000999e-01 3.334716522469770017e-01 -3.984457960183895864e-02
-5.005286185518680320e-01 -1.971966508970100507e-01 -1.149364090049011661e-01 -1.971966508970100507e-01 -2.192083035090180709e-01 -2.606396783263640882e-01 -1.149364090049011661e-01 -2.606396783263640882e-01 -2.398565297153257003e-01
-1.108298311219019089e-01 4.620721019425958476e-01 2.200123864807153329e-01 4.620721019425958476e-01 -2.666363875650650250e-01 1.463901562257195477e-01 2.200123864807153329e-01 1.463901562257195477e-01 -2.471470720705993829e-01
-8.927149324315456491e-01 1.644438780134694356e-01 -3.518454216836897769e-02 1.644438780134694356e-01 -6.571610022418130637e-01 -2.475293421015509893e-02 -3.518454216836897769e-02 -2.475293421015509893e-02 1.057706190457710527e+00
-3.623222047714524940e-01 2.472575626827710760e-01 2.755516731499190186e-01 2.472575626827710760e-01 6.517586682618083938e-01 -2.505220962454915989e-01 2.755516731499190186e-01 -2.505220962454915989e-01 4.451201500415853385e-01
-3.984346200940611094e-01 -1.634993538450715822e-01 -3.490749527230503635e-02 -1.634993538450715822e-01 -2.102476878553311834e-01 -7.684827891806099431e-02 -3.490749527230503635e-02 -7.684827891806099431e-02 -4.335921327683864845e-01
9.968954671576062132e-02 -2.901252892145854689e-01 -1.373190382487629313e-01 -2.901252892145854689e-01 -8.671511254245125588e-01 2.786963023701697351e-01 -1.373190382487629313e-01 2.786963023701697351e-01 -4.825462482097902517e-01
-6.479722906302483321e-02 -2.645518268486125035e-01 -2.806488341913082607e-01 -2.645518268486125035e-01 6.779856090211420216e-01 -1.820662191784855888e-01 -2.806488341913082607e-01 -1.820662191784855888e-01 1.138833028511586853e+00
5.408116139984014969e-02 -1.024102173671811028e-01 1.462188318613617593e-03 -1.024102173671811028e-01 -4.422845492034422343e-01 -8.451734573870296752e-02 1.462188318613617593e-03 -8.451734573870296752e-02 -1.067366112472240003e+00
2.874903563134282858e-01 -2.942064469208017785e-01 -2.703002285136266170e-01 -2.942064469208017785e-01 1.818225692068924648e-01 1.198596536878394209e-02 -2.703002285136266170e-01 1.198596536878394209e-02 -1.058465355367504079e+00
2.840481527612469526e-01 -1.007590615795996569e-01 -1.811234509256759440e-01 -1.007590615795996569e-01 -6.512064076005893432e-01 3.751108086063610902e-01 -1.811234509256759440e-01 3.751108086063610902e-01 -3.542561854214352768e-01
-8.067847076405599838e-01 4.083678247428229302e-06 1.670595236764015904e-06 4.083678247428228455e-06 -8.067895338075581346e-01 5.568648040330010729e-07 1.670595236764015904e-06 5.568648040330010729e-07 -8.067904619159866897e-01
-6.853583954859001626e-01 -3.460339444950363275e-01 -2.753199035761623170e-01 -3.460339444950363275e-01 -7.484586726900845921e-01 1.696357159452864249e-01 -2.753199035761623170e-01 1.696357159452864249e-01 -3.577460110245721525e-01
-9.362257348063651730e-01 3.483583388773682787e-01 5.939144208911442679e-02 3.483583388773682787e-01 -1.337864853818156119e+00 2.462598656078779091e-01 5.939144208911442679e-02 2.462598656078779091e-01 -1.379585228363388261e+00
4.478054818971300421e-01 -3.258168876670225478e-01 -2.736298828334682298e-01 -3.258168876670225478e-01 5.702489648257730304e-01 -4.143601727814303498e-02 -2.736298828334682298e-01 -4.143601727814303498e-02 8.588070041061893756e-01
-1.172521824381144828e+00 -4.969740430974736167e-01 -3.530486792425225895e-01 -4.969740430974736167e-01 -1.559781702121439406e-01 -2.143369473849440487e-01 -3.530486792425225895e-01 -2.143369473849440487e-01 3.698565938618952331e-01
-1.513326155959552111e+00 6.852791929396868931e-02 1.076413266416077624e-01 6.852791929396868931e-02 -3.482592319619493559e-01 -3.423895040823801694e-01 1.076413266416077624e-01 -3.423895040823801694e-01 -6.675246803168953802e-01
-5.064326467096355033e-01 9.175902561921479850e-02 7.680215090883549256e-02 9.175902561921479850e-02 -1.701869316884329075e-01 -1.725205097568438262e-01 7.680215090883549256e-02 -1.725205097568438262e-01 -2.354434376919126159e-01
-1.473589058052826140e+00 -1.533784662866039816e-01 -1.075533044306314773e-01 -1.533784662866039816e-01 -1.572955591417591448e+00 -1.517317890874241848e-01 -1.075533044306314773e-01 -1.517317890874241848e-01 -1.799238465458422809e+00
-1.754392048684957128e+00 -2.264666108395995692e-01 -1.637145217144318210e-01 -2.264666108395995692e-01 -1.211472362543249082e+00 -2.037523138948665324e-01 -1.637145217144318210e-01 -2.037523138948665324e-01 -1.513794531064627025e+00
-1.013333173899956918e+00 3.264008306014663519e-01 2.439894809057716607e-01 3.264008306014663519e-01 -1.106437350081529880e+00 -4.276903224471768905e-02 2.439894809057716607e-01 -4.276903224471768905e-02 -1.741784015105588557e+00
4.862754348761841316e-01 -4.727974672631651831e-01 -2.997171434228083076e-01 -4.727974672631651831e-01 2.552911904964390577e-01 6.167927266204376036e-02 -2.997171434228083076e-01 6.167927266204376036e-02 -4.691091172206905968e-01
-9.798351471714802363e-01 -3.285726275917149608e-01 -1.328047502246194889e-01 -3.285726275917149608e-01 -1.388220011518410901e+00 2.689497569067830773e-01 -1.328047502246194889e-01 2.689497569067830773e-01 -1.193574037957264578e+00
-1.424887741314734946e+00 -4.189808813020098333e-01 -2.713761499999381432e-01 -4.189808813020098333e-01 -8.703186554195823099e-01 -2.720520236775076373e-01 -2.713761499999381432e-01 -2.720520236775076373e-01 -3.475572217272875353e-01
-2.243856233903462338e-01 2.683132756422254572e-01 6.833280180789810809e-02 2.683132756422254572e-01 3.201278659120646020e-01 -2.701700720251867249e-01 6.833280180789810809e-02 -2.701700720251867249e-01 -2.453630208234316122e-03
-5.751814720424341942e-01 -3.068268955459194647e-01 -1.620971357371151500e-01 -3.068268955459194647e-01 3.129403507162373949e-02 -1.517420823527566021e-01 -1.620971357371151500e-01 -1.517420823527566021e-01 2.806988168704346864e-01
-8.918595590055060640e-01 -4.024554404611473957e-01 -3.089332770651509463e-01 -4.024554404611473957e-01 -1.881266818716498035e+00 3.059005307176975164e-01 -3.089332770651509463e-01 3.059005307176975164e-01 -1.334239378868538495e+00
-1.926112853657723889e+00 2.530346331203613408e-01 3.899580843951198916e-02 2.530346331203613408e-01 -1.750852455359273918e+00 4.412990064275682661e-02 3.899580843951198916e-02 4.412990064275682661e-02 -1.157644258069270293e+00
4.657715325443213539e-01 1.732419672268449284e-01 1.350142260888275436e-01 1.732419672268449284e-01 -5.168194741521091595e-01 3.500874701618703067e-01 1.350142260888275436e-01 3.500874701618703067e-01 -1.430714491865666460e+00
-1.215042820664053558e+00 -9.552493780144327706e-02 -1.312710816203539466e-01 -9.552493780144327706e-02 -4.153734352030074017e-01 -9.653073438283668595e-02 -1.312710816203539466e-01 -9.653073438283668595e-02 -6.448715145497445622e-01
-1.785846323263061253e+00 8.497770420153132054e-02 -1.021038375812280408e-01 8.497770420153132054e-02 -2.031038218623911540e+00 -1.749990902959727146e-01 -1.021038375812280408e-01 -1.749990902959727146e-01 -2.398311440180923793e+00
-9.576582525682669766e-01 2.337460217458042222e-01 -9.834638711056423177e-02 2.337460217458042222e-01 -1.459064873552398778e+00 2.398159657266579481e-01 -9.834638711056423177e-02 2.398159657266579481e-01 -1.671970247835529833e+00
