4.027013055319799832e+02 4.552963392766998796e-01 -6.883206368081738920e-03 4.552963392766998796e-01 4.021567698763396379e+02 -1.601381046197761573e-02 -6.883206368081738920e-03 -1.601381046197761573e-02 2.512841616872924249e+02
4.032203310201011845e+02 -2.912803719143424765e-03 3.231542003272566799e+00 -2.912803719143424765e-03 4.026387926219046562e+02 -6.407286849674038477e-03 3.231542003272566799e+00 -6.407286849674038477e-03 2.506794089925869002e+02
4.028160021359162215e+02 -2.280447692370230275e-02 1.686328273571328751e+00 -2.280447692370230275e-02 4.028359070291074318e+02 -1.024844209606700307e+00 1.686328273571328751e+00 -1.024844209606700307e+00 2.502891329541815253e+02
4.025915047297562523e+02 -3.142831486373812849e-02 8.040704330120170829e-01 -3.142831486373812849e-02 4.026568907835907680e+02 4.706755903808005903e-01 8.040704330120170829e-01 4.706755903808005903e-01 2.510332199012253795e+02
4.024896843927901955e+02 -1.843835600853240275e-01 8.484939947256099346e-01 -1.843835600853240275e-01 4.022204373319132742e+02 -4.554726057649990945e-01 8.484939947256099346e-01 -4.554726057649990945e-01 2.515310317174798342e+02
3.505929288327317863e+02 -2.526726911468412523e-02 -1.839248394461959757e-01 -2.526726911468412523e-02 3.506204251518298065e+02 2.186208959375675331e-01 -1.839248394461959757e-01 2.186208959375675331e-01 2.876909347109069017e+02
3.506499341996047292e+02 -2.040944499492445760e-02 8.628398543015529387e-02 -2.040944499492445760e-02 3.506305217136741135e+02 -7.145186803061800984e-02 8.628398543015529387e-02 -7.145186803061800984e-02 2.877681708225651391e+02
3.508333182357849296e+02 4.428003089221398125e-02 -6.286297163920556708e-01 4.428003089221398125e-02 3.506575712822480000e+02 1.860927551472697228e-01 -6.286297163920556708e-01 1.860927551472697228e-01 2.877253580144467264e+02
3.505125231436711601e+02 9.291000109786232142e-02 2.535803001062929551e-01 9.291000109786232142e-02 3.504675000961178739e+02 1.463366611410274742e-01 2.535803001062929551e-01 1.463366611410274742e-01 2.878169042507868767e+02
3.506428050017678402e+02 9.740572216126043570e-02 -1.211211210343950129e-01 9.740572216126043570e-02 3.507887137229330961e+02 -3.195912170172963973e-02 -1.211211210343950129e-01 -3.195912170172963973e-02 2.875414002565408964e+02
3.508295420181971735e+02 1.901323204123941679e-01 -1.979669138136716244e-01 1.901323204123941679e-01 3.506600918957312274e+02 -3.274540262411474445e-01 -1.979669138136716244e-01 -3.274540262411474445e-01 2.877345986963396172e+02
3.506886180923531811e+02 1.184688337124739366e-01 -5.794589429204127784e-02 1.184688337124739366e-01 3.507584945769567639e+02 -2.688873838524862836e-01 -5.794589429204127784e-02 -2.688873838524862836e-01 2.878234409163497389e+02
3.508913299669962953e+02 1.016945271924519362e-01 2.567922012425910006e-01 1.016945271924519362e-01 3.507469354949757872e+02 -4.876634668142088014e-02 2.567922012425910006e-01 -4.876634668142088014e-02 2.876559282803672772e+02
3.509072483935649416e+02 -7.026680348252563324e-02 3.843042060899127810e-01 -7.026680348252563324e-02 3.508179829362161399e+02 -2.298272801363935580e-01 3.843042060899127810e-01 -2.298272801363935580e-01 2.877350595547749776e+02
3.508919036887219818e+02 -8.776061347817516733e-02 2.668746551755675211e-01 -8.776061347817516733e-02 3.508766107128870431e+02 -1.520033388412311559e-01 2.668746551755675211e-01 -1.520033388412311559e-01 2.878390207530475209e+02
