1.693651503807075471e+02 -8.555131511935326616e-01 -5.555635649376421403e-01 -8.555131511935326616e-01 1.683336455889840408e+02 2.668410925793341382e-01 -5.555635649376421403e-01 2.668410925793341382e-01 1.682361376627711707e+02
1.690618026034420609e+02 -3.646884842832746054e-01 -3.247730002908608693e-01 -3.646884842832746054e-01 1.688654041363599561e+02 -2.829586312077378776e-02 -3.247730002908608693e-01 -2.829586312077378776e-02 1.683440912250324004e+02
1.686101897368500033e+02 -3.095430224776676287e-01 -3.962092695692753241e-01 -3.095430224776676287e-01 1.685020416891512127e+02 4.960439488355594673e-02 -3.962092695692753241e-01 4.960439488355594673e-02 1.686610034775455063e+02
1.688262064804372073e+02 -3.707246050464789444e-02 -2.819366986356429683e-01 -3.707246050464789444e-02 1.686656145504659605e+02 -4.098692194862396665e-02 -2.819366986356429683e-01 -4.098692194862396665e-02 1.686593344388810465e+02
1.687689004622248490e+02 -7.304165816329710736e-02 -2.067097313735408171e-01 -7.304165816329710736e-02 1.688800789466512811e+02 -1.565819938579085524e-01 -2.067097313735408171e-01 -1.565819938579085524e-01 1.683755978659229129e+02
1.689399698531342437e+02 -2.693623310703503471e-01 -3.774078319020478245e-02 -2.693623310703503471e-01 1.690129054283315782e+02 -1.127414401249226122e-01 -3.774078319020478245e-02 -1.127414401249226122e-01 1.683597879678957838e+02
1.685769928407017915e+02 -2.989736229690456160e-01 -3.960572173180639255e-01 -2.989736229690456160e-01 1.690317174742953910e+02 -2.461549142168589221e-01 -3.960572173180639255e-01 -2.461549142168589221e-01 1.687620863997112792e+02
1.691116368447518425e+02 -2.944544886190895161e-01 -2.867387208948295463e-01 -2.944544886190895161e-01 1.688735230193548489e+02 -6.036120763204306378e-02 -2.867387208948295463e-01 -6.036120763204306378e-02 1.691992507663393610e+02
1.691486385832791939e+02 -2.364978282155051070e-01 -3.562902494779962015e-01 -2.364978282155051070e-01 1.686035029738955586e+02 -1.103970065771754314e-02 -3.562902494779962015e-01 -1.103970065771754314e-02 1.687951630684980273e+02
1.685376077715392000e+02 6.495106395930680399e-02 -3.792466033120456270e-02 6.495106395930680399e-02 1.689563702796718587e+02 -1.723176338088512338e-01 -3.792466033120456270e-02 -1.723176338088512338e-01 1.685721377769596359e+02
